0 0.221667 0.882639 0.128333 0.154167 0.164352
0 0.0191667 0.5375 0.0383333 0.0722222 0.180274
0 0.544167 0.104167 0.01 0.025 0.211519
0 0.8475 0.945139 0.118333 0.0958333 0.263778
0 0.56875 0.114583 0.00916667 0.0152778 0.294355
0 0.154583 0.470139 0.0808333 0.0708333 0.548345
0 0.712083 0.50625 0.0708333 0.126389 0.779663
0 0.517917 0.35625 0.0441667 0.0736111 0.875519
0 0.540417 0.195833 0.0208333 0.0333333 0.889988
0 0.5875 0.502778 0.0633333 0.0972222 0.891037
0 0.5475 0.254167 0.03 0.0472222 0.902592
0 0.360417 0.55 0.0808333 0.108333 0.914692
0 0.508333 0.169444 0.0216667 0.0277778 0.91971
