0 0.724479 0.193519 0.040625 0.0759259 0.10592
0 0.524479 0.0824074 0.0114583 0.0203704 0.126737
0 0.745833 0.789815 0.125 0.183333 0.130889
0 0.49375 0.0972222 0.0166667 0.0277778 0.137798
0 0.8875 0.301852 0.06875 0.0814815 0.208578
0 0.89375 0.422222 0.0875 0.0962963 0.57695
0 0.389583 0.192593 0.03125 0.0407407 0.597196
0 0.625 0.128704 0.0208333 0.0425926 0.601725
0 0.985417 0.627778 0.0291667 0.0925926 0.608145
0 0.58125 0.107407 0.0208333 0.0444444 0.663705
0 0.380208 0.314815 0.0520833 0.0851852 0.753534
0 0.651042 0.187037 0.0333333 0.0481481 0.774247
0 0.444792 0.189815 0.0291667 0.0462963 0.808905
0 0.782812 0.309259 0.065625 0.0740741 0.815742
0 0.623958 0.257407 0.0395833 0.062963 0.842427
0 0.780729 0.438889 0.0739583 0.107407 0.844449
0 0.642187 0.367593 0.0552083 0.0907407 0.902419
