0 0.544167 0.0979167 0.00833333 0.0152778 0.0749623
0 0.0366667 0.613889 0.0733333 0.0833333 0.115359
0 0.417917 0.83125 0.109167 0.204167 0.244172
0 0.52625 0.132639 0.0141667 0.0236111 0.786924
0 0.54125 0.158333 0.0175 0.025 0.795746
0 0.55125 0.19375 0.0225 0.0347222 0.811953
0 0.68375 0.504861 0.0658333 0.101389 0.817772
0 0.430833 0.411111 0.05 0.0888889 0.848919
0 0.6575 0.3375 0.05 0.0888889 0.849
0 0.461667 0.313889 0.0416667 0.0555556 0.858709
0 0.53625 0.240972 0.0275 0.0486111 0.858728
0 0.58875 0.300694 0.0341667 0.0569444 0.920597
