0 0.574167 0.172222 0.0233333 0.0555556 0.0574878
0 0.664167 0.570139 0.015 0.0847222 0.0583791
0 0.569583 0.110417 0.0108333 0.0180556 0.317805
0 0.54625 0.125 0.0108333 0.0222222 0.385921
0 0.662083 0.577083 0.0308333 0.106944 0.420217
0 0.155 0.481944 0.0833333 0.0833333 0.552929
0 0.473333 0.692361 0.0816667 0.131944 0.575223
0 0.57375 0.146528 0.0125 0.0263889 0.617125
0 0.5425 0.157639 0.015 0.0263889 0.797544
0 0.514167 0.150694 0.0166667 0.0263889 0.823625
0 0.577083 0.175694 0.0191667 0.0291667 0.845439
0 0.607083 0.192361 0.0208333 0.0319444 0.846543
0 0.499167 0.200694 0.0283333 0.0430556 0.860984
0 0.425 0.395139 0.05 0.0763889 0.870345
0 0.542917 0.191667 0.0208333 0.0305556 0.872436
0 0.667917 0.355556 0.0475 0.0694444 0.874186
0 0.596667 0.465278 0.06 0.0888889 0.899494
0 0.515 0.365278 0.0466667 0.0694444 0.921032
