0 0.54625 0.117361 0.0108333 0.0208333 0.0904021
0 0.544167 0.152778 0.015 0.0305556 0.0905678
0 0.5675 0.104167 0.00833333 0.0138889 0.0995753
0 0.572083 0.147917 0.0191667 0.0402778 0.0995991
0 0.57125 0.1375 0.0125 0.025 0.105665
0 0.253333 0.379167 0.0616667 0.05 0.131197
0 0.360833 0.974306 0.0966667 0.0375 0.211688
0 0.37 0.965278 0.0883333 0.0694444 0.31831
0 0.667917 0.422222 0.0208333 0.0638889 0.525607
0 0.544583 0.14375 0.0125 0.0236111 0.559129
0 0.544583 0.16875 0.0175 0.0319444 0.63878
0 0.517083 0.134722 0.0141667 0.0222222 0.671886
0 0.574583 0.158333 0.0175 0.0277778 0.787113
0 0.50625 0.173611 0.0225 0.0361111 0.835875
0 0.6 0.176389 0.02 0.0305556 0.862086
0 0.645833 0.295833 0.0366667 0.0555556 0.884922
0 0.59875 0.369444 0.0441667 0.0694444 0.897475
0 0.517083 0.497917 0.0608333 0.104167 0.915497
0 0.465417 0.296528 0.0358333 0.0569444 0.923828
0 0.531667 0.284028 0.035 0.0569444 0.932635
