0 0.512083 0.145139 0.0175 0.0291667 0.0918693
0 0.568333 0.107639 0.00833333 0.0152778 0.155907
0 0.372083 0.923611 0.110833 0.138889 0.207909
0 0.0416667 0.602778 0.0733333 0.0861111 0.300425
0 0.542917 0.153472 0.0191667 0.0347222 0.48883
0 0.515 0.134722 0.0166667 0.0305556 0.489889
0 0.544583 0.1875 0.0225 0.0333333 0.768184
0 0.705 0.625694 0.0816667 0.118056 0.804826
0 0.506667 0.163194 0.0183333 0.0291667 0.830006
0 0.475833 0.289583 0.0383333 0.0513889 0.881802
0 0.5775 0.16875 0.0183333 0.0291667 0.895637
0 0.5825 0.213889 0.0266667 0.0416667 0.897498
0 0.595833 0.325 0.035 0.0583333 0.910926
0 0.410417 0.429861 0.0541667 0.0847222 0.918721
0 0.612083 0.1875 0.0225 0.0333333 0.926695
0 0.509583 0.384028 0.0491667 0.0736111 0.935634
