0 0.536667 0.236111 0.035 0.0888889 0.0501046
0 0.560833 0.0972222 0.00833333 0.0138889 0.0545401
0 0.514167 0.138889 0.015 0.0277778 0.0595493
0 0.759167 0.70625 0.095 0.154167 0.558796
0 0.513333 0.156944 0.02 0.0361111 0.741415
0 0.581667 0.240972 0.0283333 0.0430556 0.865043
0 0.574583 0.1375 0.0158333 0.0222222 0.867623
0 0.535417 0.229167 0.0275 0.0416667 0.875895
0 0.498333 0.211806 0.0266667 0.0402778 0.87807
0 0.544583 0.153472 0.0175 0.0291667 0.883762
0 0.638333 0.25625 0.0283333 0.0458333 0.887235
0 0.532083 0.2875 0.0341667 0.0527778 0.90061
0 0.584583 0.177778 0.0191667 0.0305556 0.901883
0 0.456667 0.329167 0.0466667 0.0666667 0.904736
