0 0.54875 0.0965278 0.0075 0.0125 0.0563476
0 0.541667 0.152083 0.0183333 0.0347222 0.0890089
0 0.542917 0.163194 0.0158333 0.0319444 0.120557
0 0.589583 0.275 0.0375 0.0694444 0.273504
0 0.400417 0.738194 0.0508333 0.115278 0.276085
0 0.57 0.134722 0.0133333 0.0305556 0.430788
0 0.541667 0.141667 0.0133333 0.025 0.643963
0 0.585417 0.256944 0.0291667 0.0444444 0.754734
0 0.542083 0.192361 0.0208333 0.0347222 0.787686
0 0.593333 0.306944 0.0366667 0.0611111 0.857076
0 0.509167 0.163194 0.0183333 0.0319444 0.908091
