0 0.569583 0.102778 0.0075 0.0138889 0.0634151
0 0.546667 0.190278 0.025 0.0361111 0.121673
0 0.544167 0.1 0.00833333 0.0166667 0.125646
0 0.551667 0.203472 0.0233333 0.0375 0.831724
0 0.522083 0.140278 0.0175 0.025 0.838143
0 0.444583 0.354167 0.0475 0.0694444 0.845064
0 0.71125 0.579861 0.0725 0.115278 0.849244
0 0.66875 0.374306 0.0558333 0.0902778 0.87394
0 0.54125 0.165972 0.0175 0.0291667 0.877924
0 0.589167 0.334722 0.04 0.0611111 0.880847
0 0.402083 0.479167 0.0675 0.1 0.892163
0 0.53375 0.263889 0.0325 0.05 0.915712
