0 0.524167 0.117361 0.00833333 0.0152778 0.074514
0 0.395417 0.85 0.119167 0.141667 0.164895
0 0.797917 0.85625 0.1175 0.143056 0.184523
0 0.510417 0.148611 0.0158333 0.0277778 0.815525
0 0.50125 0.202083 0.0225 0.0347222 0.821696
0 0.455833 0.333333 0.0416667 0.0583333 0.857482
0 0.360833 0.539583 0.0783333 0.104167 0.859479
0 0.480833 0.2625 0.0333333 0.0472222 0.887595
0 0.580417 0.173611 0.0191667 0.0305556 0.897028
0 0.650417 0.424306 0.0525 0.0875 0.897441
0 0.490417 0.445833 0.0625 0.0944444 0.897787
0 0.527083 0.332639 0.0425 0.0680556 0.899206
