0 0.514583 0.193056 0.0308333 0.0388889 0.0566811
0 0.544167 0.1 0.01 0.025 0.0907398
0 0.544167 0.111806 0.01 0.0208333 0.176049
0 0.56875 0.11875 0.0108333 0.0152778 0.276925
0 0.0816667 0.552778 0.0816667 0.0944444 0.287616
0 0.735833 0.591667 0.0933333 0.177778 0.489761
0 0.295417 0.695833 0.110833 0.169444 0.589049
0 0.58125 0.623611 0.0808333 0.111111 0.833185
0 0.539167 0.211806 0.025 0.0402778 0.855439
0 0.544583 0.279167 0.0325 0.05 0.89204
0 0.502083 0.185417 0.0208333 0.0319444 0.906084
0 0.50875 0.409722 0.0558333 0.0861111 0.923414
