0 0.54375 0.122222 0.0125 0.0222222 0.102077
0 0.594583 0.203472 0.0325 0.0430556 0.108814
0 0.5 0.209028 0.0283333 0.0513889 0.12696
0 0.548333 0.143056 0.0133333 0.025 0.417228
0 0.502917 0.190278 0.0191667 0.0333333 0.758994
0 0.605417 0.280556 0.0341667 0.05 0.785396
0 0.49875 0.226389 0.0258333 0.0388889 0.823249
0 0.542917 0.1625 0.0158333 0.0305556 0.834313
0 0.5825 0.184722 0.02 0.0333333 0.892384
0 0.606667 0.224306 0.0333333 0.0486111 0.900279
0 0.52875 0.305556 0.0358333 0.0555556 0.919482
