0 0.515833 0.140278 0.015 0.0222222 0.0607369
0 0.4375 0.868056 0.13 0.152778 0.16579
0 0.0766667 0.566667 0.0866667 0.0916667 0.237764
0 0.66 0.695139 0.045 0.106944 0.239309
0 0.57 0.115972 0.01 0.0180556 0.385766
0 0.517917 0.130556 0.0125 0.0222222 0.430074
0 0.575417 0.152778 0.0141667 0.0277778 0.594211
0 0.547083 0.129861 0.0141667 0.0236111 0.759533
0 0.611667 0.202083 0.0216667 0.0375 0.849443
0 0.54125 0.204861 0.0241667 0.0319444 0.849588
0 0.541667 0.167361 0.0166667 0.0291667 0.855839
0 0.513333 0.159722 0.0166667 0.025 0.85838
0 0.577917 0.186806 0.0208333 0.0291667 0.86171
0 0.39 0.470139 0.0683333 0.0930556 0.865616
0 0.494583 0.217361 0.0291667 0.0430556 0.898467
0 0.496667 0.429861 0.055 0.0875 0.906018
0 0.68125 0.397222 0.0508333 0.0777778 0.906904
0 0.594167 0.536111 0.0683333 0.102778 0.908987
