0 0.42125 0.857639 0.145833 0.176389 0.0637416
0 0.552917 0.10625 0.0075 0.0152778 0.06898
0 0.53 0.0958333 0.00833333 0.0138889 0.0976633
0 0.270417 0.694444 0.119167 0.147222 0.227452
0 0.57625 0.235417 0.0291667 0.0486111 0.302892
0 0.140833 0.481944 0.075 0.075 0.684137
0 0.592917 0.215278 0.0258333 0.0416667 0.796867
0 0.584167 0.174306 0.02 0.0291667 0.867032
0 0.5175 0.136111 0.015 0.0222222 0.886867
0 0.571667 0.247222 0.03 0.0444444 0.888421
0 0.542917 0.175694 0.0191667 0.0319444 0.903823
