0 0.60375 0.161806 0.0258333 0.0458333 0.0587878
0 0.594167 0.138194 0.015 0.0208333 0.0613068
0 0.560417 0.101389 0.0125 0.0222222 0.462494
0 0.425833 0.711806 0.11 0.123611 0.558388
0 0.591667 0.129167 0.0116667 0.0194444 0.65763
0 0.769583 0.686111 0.0958333 0.125 0.706476
0 0.51375 0.135417 0.0141667 0.0236111 0.744661
0 0.58 0.561111 0.0616667 0.111111 0.825944
0 0.549167 0.131944 0.015 0.025 0.833199
0 0.603333 0.163889 0.0166667 0.0277778 0.854508
0 0.4975 0.215972 0.025 0.0402778 0.85933
0 0.48625 0.267361 0.0308333 0.0486111 0.88124
