0 0.551667 0.100694 0.01 0.0180556 0.162992
0 0.566667 0.110417 0.0116667 0.0180556 0.25688
0 0.57375 0.885417 0.0825 0.129167 0.262944
0 0.58375 0.165972 0.0208333 0.0319444 0.284722
0 0.0408333 0.600694 0.0816667 0.0902778 0.49747
0 0.528333 0.128472 0.0133333 0.0208333 0.564445
0 0.580417 0.15 0.0191667 0.0277778 0.755673
0 0.594167 0.438194 0.05 0.0847222 0.83073
0 0.588333 0.181944 0.0216667 0.0305556 0.855718
0 0.51 0.400694 0.05 0.0763889 0.880436
0 0.505417 0.169444 0.0191667 0.0277778 0.889142
