0 0.545 0.123611 0.0116667 0.0222222 0.123594
0 0.520417 0.119444 0.0108333 0.0194444 0.131621
0 0.662917 0.309028 0.0141667 0.0430556 0.294304
0 0.614167 0.247917 0.0316667 0.0486111 0.304385
0 0.572083 0.141667 0.0141667 0.025 0.338846
0 0.545417 0.146528 0.0141667 0.0263889 0.381773
0 0.589583 0.15625 0.0158333 0.0236111 0.738681
0 0.487083 0.525 0.0625 0.108333 0.807417
0 0.511667 0.14375 0.0183333 0.0291667 0.831307
0 0.615833 0.231944 0.03 0.0416667 0.852271
0 0.540833 0.209722 0.0233333 0.0416667 0.86251
0 0.549167 0.346528 0.0416667 0.0652778 0.871016
0 0.595833 0.282639 0.0333333 0.0486111 0.887352
0 0.490833 0.213194 0.0266667 0.0402778 0.913749
