0 0.54375 0.134722 0.0141667 0.0305556 0.154737
0 0.80625 0.902778 0.0891667 0.127778 0.243631
0 0.5125 0.134722 0.0133333 0.0222222 0.622752
0 0.577917 0.172222 0.0191667 0.0277778 0.690109
0 0.545833 0.152778 0.0166667 0.0277778 0.75172
0 0.5725 0.144444 0.015 0.025 0.775093
0 0.500417 0.203472 0.0241667 0.0375 0.820752
0 0.502083 0.4125 0.0508333 0.0722222 0.84504
0 0.604167 0.151389 0.0166667 0.025 0.846205
0 0.63375 0.376389 0.0458333 0.075 0.849255
0 0.47375 0.266667 0.0325 0.0472222 0.855697
0 0.587917 0.226389 0.0258333 0.0388889 0.889099
0 0.535 0.251389 0.0316667 0.0472222 0.93099
