0 0.58 0.197222 0.0283333 0.0527778 0.0644513
0 0.520833 0.109028 0.015 0.0236111 0.077679
0 0.5825 0.161111 0.0183333 0.0277778 0.0893812
0 0.572917 0.128472 0.0108333 0.0180556 0.0905148
0 0.584167 0.172222 0.02 0.0333333 0.346566
0 0.585417 0.186111 0.0191667 0.0361111 0.594362
0 0.544167 0.142361 0.015 0.0263889 0.761426
0 0.51375 0.138889 0.0158333 0.025 0.776192
0 0.489583 0.538889 0.0741667 0.113889 0.852171
0 0.53375 0.259722 0.0291667 0.0444444 0.871461
0 0.575 0.217361 0.025 0.0375 0.871505
0 0.517917 0.375694 0.0425 0.0708333 0.904413
0 0.410417 0.427778 0.0608333 0.0944444 0.920307
