0 0.575833 0.165278 0.0183333 0.0305556 0.107881
0 0.569583 0.13125 0.0141667 0.0263889 0.313447
0 0.515833 0.120833 0.0133333 0.0222222 0.450642
0 0.596667 0.133333 0.0116667 0.0222222 0.504499
0 0.544583 0.132639 0.0141667 0.0319444 0.568672
0 0.574583 0.152083 0.0158333 0.0263889 0.801909
0 0.49375 0.206944 0.0241667 0.0388889 0.864036
0 0.582917 0.185417 0.0191667 0.0319444 0.86612
0 0.698333 0.560417 0.07 0.106944 0.867403
0 0.60375 0.290278 0.0375 0.0527778 0.886924
0 0.52375 0.293056 0.0341667 0.0555556 0.902462
0 0.542083 0.201389 0.0241667 0.0388889 0.905563
0 0.509583 0.168056 0.0208333 0.0305556 0.90681
