0 0.577083 0.1625 0.0258333 0.0472222 0.0539467
0 0.54375 0.13125 0.0141667 0.0319444 0.133788
0 0.7575 0.771528 0.106667 0.140278 0.303336
0 0.545 0.145139 0.015 0.0319444 0.617268
0 0.51375 0.130556 0.0125 0.0222222 0.627196
0 0.570833 0.139583 0.0133333 0.0236111 0.742393
0 0.60125 0.145139 0.0141667 0.0236111 0.806738
0 0.577083 0.165278 0.0175 0.0277778 0.855907
0 0.481667 0.241667 0.0266667 0.0472222 0.883749
0 0.585417 0.210417 0.0241667 0.0375 0.88683
0 0.539167 0.232639 0.0283333 0.0458333 0.895998
0 0.509583 0.361806 0.0391667 0.0652778 0.907264
0 0.503333 0.190972 0.0233333 0.0347222 0.919805
0 0.622083 0.340278 0.0425 0.0611111 0.929833
