0 0.541667 0.191667 0.0183333 0.0388889 0.0511479
0 0.530833 0.0958333 0.00833333 0.0111111 0.070942
0 0.5425 0.159028 0.0183333 0.0291667 0.134516
0 0.543333 0.176389 0.0166667 0.0277778 0.163576
0 0.5475 0.0986111 0.00833333 0.0138889 0.17992
0 0.326667 0.945833 0.07 0.1 0.20198
0 0.570833 0.138889 0.015 0.0333333 0.431638
0 0.542083 0.147917 0.0125 0.0263889 0.667855
0 0.540833 0.204861 0.0216667 0.0402778 0.740127
0 0.585417 0.28125 0.0308333 0.0486111 0.805011
0 0.506667 0.173611 0.0216667 0.0333333 0.872158
0 0.594583 0.338889 0.0408333 0.0638889 0.896805
