0 0.54375 0.127083 0.0175 0.0347222 0.0533869
0 0.5725 0.148611 0.0166667 0.0277778 0.399711
0 0.545 0.138889 0.015 0.0305556 0.520856
0 0.515 0.125 0.0133333 0.0222222 0.639107
0 0.59875 0.138194 0.0158333 0.0236111 0.649392
0 0.57 0.134028 0.0116667 0.0236111 0.689329
0 0.725 0.647222 0.0866667 0.113889 0.715348
0 0.575833 0.158333 0.0166667 0.025 0.818619
0 0.488333 0.221528 0.0233333 0.0430556 0.828733
0 0.540833 0.214583 0.025 0.0402778 0.872227
0 0.612083 0.3125 0.0391667 0.0583333 0.881732
0 0.584583 0.196528 0.0208333 0.0319444 0.895997
0 0.519167 0.324306 0.0366667 0.0569444 0.918481
0 0.506667 0.177778 0.0216667 0.0333333 0.923354
