0 0.573333 0.147222 0.015 0.0305556 0.0792056
0 0.569583 0.120833 0.0125 0.0222222 0.0861413
0 0.54375 0.120139 0.0125 0.0236111 0.280307
0 0.59 0.11875 0.01 0.0180556 0.323858
0 0.571667 0.134028 0.0133333 0.0208333 0.382655
0 0.5775 0.156944 0.0166667 0.0277778 0.792145
0 0.515 0.144444 0.015 0.025 0.813585
0 0.647083 0.394444 0.0475 0.0777778 0.876201
0 0.504167 0.170139 0.0183333 0.0291667 0.884383
0 0.533333 0.224306 0.0266667 0.0402778 0.891726
0 0.586667 0.23125 0.0283333 0.0430556 0.896306
0 0.545 0.167361 0.02 0.0291667 0.912204
