0 0.57 0.125694 0.0133333 0.0263889 0.0727177
0 0.508333 0.164583 0.02 0.0291667 0.0998809
0 0.51875 0.1125 0.0108333 0.0166667 0.219316
0 0.544583 0.123611 0.0125 0.0305556 0.382367
0 0.592917 0.122917 0.0108333 0.0208333 0.396232
0 0.5725 0.140972 0.0166667 0.0236111 0.561601
0 0.579167 0.165278 0.0166667 0.0277778 0.790652
0 0.514167 0.149306 0.0183333 0.0263889 0.838939
0 0.50125 0.18125 0.0208333 0.0319444 0.852508
0 0.659167 0.436111 0.055 0.0833333 0.859431
0 0.592083 0.251389 0.0308333 0.0472222 0.870988
0 0.544167 0.176389 0.0216667 0.0333333 0.904715
0 0.530833 0.241667 0.0283333 0.0444444 0.927753
