0 0.5825 0.257639 0.0266667 0.0569444 0.0513472
0 0.529583 0.292361 0.0425 0.0930556 0.051745
0 0.562083 0.103472 0.0075 0.0152778 0.0677766
0 0.510417 0.16875 0.0208333 0.0430556 0.55539
0 0.510833 0.152778 0.0166667 0.0305556 0.599908
0 0.510417 0.182639 0.0208333 0.0319444 0.808644
0 0.576667 0.15 0.015 0.025 0.853717
0 0.52 0.35625 0.0416667 0.0708333 0.862388
0 0.590417 0.196528 0.0225 0.0347222 0.867884
0 0.544167 0.170139 0.02 0.0319444 0.880245
0 0.652083 0.297222 0.0341667 0.0527778 0.882627
0 0.482917 0.255556 0.0308333 0.0472222 0.884463
0 0.41125 0.445139 0.0725 0.0958333 0.908345
0 0.53 0.285417 0.0333333 0.0541667 0.915255
0 0.584167 0.286806 0.035 0.0513889 0.917336
