0 0.577917 0.158333 0.0241667 0.0472222 0.0516826
0 0.0325 0.552778 0.065 0.111111 0.0665475
0 0.0433333 0.588889 0.085 0.0916667 0.172607
0 0.56375 0.108333 0.00916667 0.0166667 0.195718
0 0.507917 0.161806 0.0191667 0.0347222 0.550818
0 0.37125 0.539583 0.0908333 0.115278 0.756688
0 0.509167 0.194444 0.0216667 0.0361111 0.835389
0 0.584583 0.3125 0.0375 0.0555556 0.843302
0 0.660833 0.322917 0.035 0.0597222 0.860198
0 0.542917 0.181944 0.0191667 0.0305556 0.867776
0 0.577917 0.158333 0.0175 0.0277778 0.872858
0 0.473333 0.286806 0.035 0.0513889 0.873695
0 0.594167 0.206944 0.0233333 0.0361111 0.886325
0 0.523333 0.324306 0.0366667 0.0597222 0.892443
0 0.509167 0.408333 0.05 0.0805556 0.928024
