0 0.540417 0.110417 0.0108333 0.0180556 0.0794051
0 0.545417 0.169444 0.0208333 0.0305556 0.142922
0 0.541667 0.131944 0.0133333 0.0222222 0.314771
0 0.549583 0.155556 0.0141667 0.025 0.612408
0 0.48625 0.26875 0.0325 0.0513889 0.850332
0 0.494583 0.220139 0.0258333 0.0375 0.868746
0 0.620833 0.329167 0.0383333 0.0583333 0.877784
0 0.54125 0.181944 0.0208333 0.0333333 0.884576
0 0.620417 0.252083 0.0375 0.0597222 0.889418
0 0.585417 0.211111 0.0241667 0.0388889 0.914146
0 0.515417 0.385417 0.0475 0.0736111 0.927979
