0 0.5175 0.116667 0.0116667 0.0194444 0.153098
0 0.575833 0.158333 0.0183333 0.0333333 0.157353
0 0.57 0.127778 0.0133333 0.0222222 0.180258
0 0.544167 0.127083 0.015 0.0263889 0.510203
0 0.594167 0.128472 0.0133333 0.0208333 0.605538
0 0.57375 0.145833 0.0158333 0.025 0.743466
0 0.497917 0.193056 0.0225 0.0361111 0.865022
0 0.58125 0.175 0.0175 0.0277778 0.868328
0 0.67625 0.490278 0.0625 0.0972222 0.893775
0 0.511667 0.158333 0.0183333 0.0277778 0.898651
0 0.527917 0.2625 0.0308333 0.0444444 0.90407
0 0.597083 0.268056 0.0325 0.0472222 0.906338
0 0.54375 0.188194 0.0225 0.0347222 0.915863
