0 0.53875 0.215972 0.0241667 0.0486111 0.0762655
0 0.230833 0.797222 0.128333 0.152778 0.137071
0 0.5875 0.765972 0.105 0.156944 0.487611
0 0.572083 0.126389 0.0141667 0.0222222 0.578881
0 0.515417 0.140972 0.0158333 0.0291667 0.625958
0 0.539167 0.19375 0.0216667 0.0347222 0.705447
0 0.580417 0.163194 0.0175 0.0291667 0.780892
0 0.439583 0.6625 0.0941667 0.122222 0.7878
0 0.506667 0.181944 0.0216667 0.0305556 0.802011
0 0.545417 0.141667 0.0158333 0.0277778 0.804813
0 0.5375 0.238889 0.0283333 0.0416667 0.828371
0 0.624167 0.226389 0.025 0.0416667 0.871317
0 0.580417 0.209722 0.0241667 0.0361111 0.877798
0 0.48125 0.261806 0.0358333 0.0541667 0.882482
0 0.710833 0.509722 0.065 0.105556 0.89019
