0 0.569583 0.130556 0.0125 0.0222222 0.132818
0 0.544583 0.134722 0.0125 0.0222222 0.266873
0 0.655417 0.260417 0.0125 0.0347222 0.358325
0 0.583333 0.145833 0.0133333 0.0222222 0.488687
0 0.437917 0.728472 0.0908333 0.145833 0.683394
0 0.592917 0.242361 0.0241667 0.0375 0.801713
0 0.515417 0.130556 0.0158333 0.025 0.814904
0 0.515417 0.390278 0.0458333 0.0694444 0.844656
0 0.600833 0.205556 0.025 0.0361111 0.866417
0 0.562917 0.293056 0.0341667 0.0527778 0.876322
0 0.542917 0.179861 0.0208333 0.0319444 0.876869
0 0.50125 0.180556 0.0208333 0.0305556 0.895967
