0 0.50875 0.152778 0.0175 0.025 0.0504285
0 0.263333 0.768056 0.125 0.163889 0.143206
0 0.505417 0.172222 0.0191667 0.0333333 0.163736
0 0.520833 0.111806 0.0116667 0.0208333 0.168467
0 0.507917 0.1625 0.0175 0.0277778 0.263611
0 0.584167 0.939583 0.0966667 0.120833 0.409037
0 0.571667 0.129167 0.0133333 0.025 0.640859
0 0.517083 0.138889 0.0141667 0.0222222 0.781052
0 0.50375 0.186806 0.0208333 0.0347222 0.824235
0 0.543333 0.188194 0.0216667 0.0319444 0.843983
0 0.586667 0.351389 0.0416667 0.0694444 0.869754
0 0.53625 0.225 0.0275 0.0416667 0.874571
0 0.592083 0.233333 0.0258333 0.0444444 0.88206
0 0.535833 0.290278 0.0333333 0.0527778 0.887859
0 0.485833 0.236111 0.0283333 0.0416667 0.889079
0 0.63625 0.304167 0.0391667 0.0555556 0.893256
