0 0.015 0.675694 0.03 0.0791667 0.0705199
0 0.65125 0.855556 0.0458333 0.102778 0.147148
0 0.0120833 0.675 0.0191667 0.0638889 0.168895
0 0.516667 0.134028 0.015 0.0263889 0.559939
0 0.57125 0.120139 0.0125 0.0236111 0.593709
0 0.57875 0.157639 0.0158333 0.0263889 0.722529
0 0.545833 0.134722 0.015 0.025 0.782845
0 0.6175 0.213194 0.0233333 0.0375 0.796747
0 0.540833 0.179167 0.0183333 0.0305556 0.806242
0 0.57875 0.196528 0.0225 0.0347222 0.811392
0 0.540417 0.219444 0.0258333 0.0388889 0.828292
0 0.475833 0.522917 0.0683333 0.104167 0.856549
0 0.591667 0.621528 0.075 0.120833 0.859136
0 0.488333 0.2375 0.0316667 0.0472222 0.866222
0 0.33375 0.594444 0.0841667 0.122222 0.884314
0 0.69375 0.445833 0.0608333 0.0888889 0.888581
0 0.51 0.170833 0.0183333 0.0305556 0.88869
