0 0.129167 0.511111 0.08 0.0583333 0.0861263
0 0.52 0.111111 0.0116667 0.0194444 0.0911991
0 0.548333 0.108333 0.01 0.0166667 0.126795
0 0.5875 0.110417 0.00833333 0.0152778 0.238136
0 0.76375 0.913194 0.1125 0.120833 0.253796
0 0.512917 0.158333 0.0175 0.0277778 0.301428
0 0.595417 0.133333 0.0125 0.0222222 0.763792
0 0.509583 0.18125 0.0241667 0.0375 0.803347
0 0.672083 0.36875 0.0425 0.0708333 0.846336
0 0.520417 0.295833 0.0358333 0.0527778 0.914255
0 0.58625 0.286111 0.0325 0.0527778 0.934692
