0 0.519167 0.122222 0.0133333 0.025 0.0601924
0 0.544167 0.147222 0.0166667 0.0333333 0.302353
0 0.544167 0.136111 0.0133333 0.0305556 0.383142
0 0.545833 0.161806 0.0183333 0.0263889 0.63103
0 0.57875 0.182639 0.0208333 0.0319444 0.810812
0 0.605417 0.159028 0.0175 0.0263889 0.813471
0 0.573333 0.148611 0.0183333 0.0277778 0.81485
0 0.644167 0.417361 0.0516667 0.0819444 0.846928
0 0.510833 0.140972 0.015 0.0236111 0.846935
0 0.485 0.485417 0.055 0.0875 0.87781
0 0.589167 0.246528 0.0283333 0.0458333 0.90637
0 0.465 0.296528 0.035 0.0541667 0.910262
0 0.495833 0.220833 0.0283333 0.0416667 0.910832
0 0.5325 0.277778 0.0333333 0.0527778 0.937419
