0 0.544167 0.140972 0.0133333 0.0291667 0.200638
0 0.372917 0.917361 0.0858333 0.151389 0.220649
0 0.570833 0.134722 0.0133333 0.025 0.27477
0 0.586667 0.152083 0.015 0.0236111 0.461179
0 0.659583 0.28125 0.0141667 0.0402778 0.494196
0 0.513333 0.138194 0.0183333 0.0263889 0.740997
0 0.5425 0.194444 0.0216667 0.0361111 0.823823
0 0.595 0.261111 0.03 0.0444444 0.830785
0 0.50375 0.449306 0.0541667 0.0902778 0.871396
0 0.607917 0.218056 0.0275 0.0416667 0.882658
0 0.4975 0.195833 0.0233333 0.0361111 0.899422
0 0.55625 0.317361 0.0375 0.0569444 0.899581
