0 0.6075 0.165972 0.025 0.0430556 0.0558425
0 0.518333 0.124306 0.015 0.0291667 0.202692
0 0.54375 0.14375 0.0141667 0.0263889 0.399115
0 0.545417 0.167361 0.0191667 0.0291667 0.767225
0 0.525833 0.303472 0.0383333 0.0597222 0.807502
0 0.51 0.147222 0.0166667 0.025 0.863612
0 0.462917 0.580556 0.0758333 0.108333 0.866972
0 0.574583 0.154167 0.0175 0.0277778 0.871423
0 0.58125 0.190278 0.0208333 0.0333333 0.877015
0 0.6075 0.166667 0.0166667 0.0277778 0.886724
0 0.592917 0.26875 0.0291667 0.0486111 0.900764
0 0.65875 0.470139 0.0591667 0.0958333 0.90458
0 0.491667 0.239583 0.03 0.0430556 0.911307
0 0.45125 0.327778 0.0408333 0.0611111 0.917417
