0 0.147083 0.949306 0.0725 0.101389 0.0524372
0 0.14875 0.965972 0.129167 0.0597222 0.153686
0 0.506667 0.170833 0.0166667 0.0277778 0.400856
0 0.572083 0.135417 0.0125 0.0236111 0.645827
0 0.515417 0.144444 0.0141667 0.025 0.778461
0 0.534167 0.241667 0.0283333 0.0444444 0.839198
0 0.644583 0.333333 0.0441667 0.0611111 0.855252
0 0.5425 0.200694 0.0233333 0.0375 0.858726
0 0.479167 0.258333 0.0316667 0.0444444 0.881344
0 0.585 0.39375 0.0483333 0.0763889 0.885833
0 0.500417 0.199306 0.0225 0.0347222 0.891708
0 0.53125 0.319444 0.0375 0.0611111 0.919956
0 0.595833 0.250694 0.0316667 0.0458333 0.923083
