0 0.605 0.141667 0.005 0.0194444 0.055039
0 0.5275 0.101389 0.01 0.0166667 0.0589509
0 0.545833 0.104861 0.00833333 0.0208333 0.0969813
0 0.54125 0.190278 0.0141667 0.0388889 0.264831
0 0.54125 0.202083 0.0191667 0.0319444 0.673878
0 0.573333 0.149306 0.0183333 0.0319444 0.726731
0 0.537917 0.238889 0.0291667 0.0444444 0.856167
0 0.542083 0.1625 0.0158333 0.0277778 0.864324
0 0.58625 0.343056 0.0375 0.0638889 0.865431
0 0.499167 0.198611 0.025 0.0388889 0.877204
0 0.595833 0.433333 0.05 0.0944444 0.893993
