0 0.114167 0.523611 0.0783333 0.0722222 0.142625
0 0.5475 0.175 0.0166667 0.0277778 0.223429
0 0.529167 0.125 0.015 0.0222222 0.538383
0 0.54125 0.148611 0.0175 0.025 0.606841
0 0.64875 0.313889 0.0475 0.0777778 0.81836
0 0.550833 0.181944 0.02 0.0305556 0.859759
0 0.463333 0.643056 0.0833333 0.116667 0.866835
0 0.472083 0.285417 0.0358333 0.0513889 0.872342
0 0.587917 0.271528 0.0308333 0.0513889 0.888639
0 0.6625 0.445139 0.055 0.0902778 0.890909
0 0.537083 0.222917 0.0275 0.0430556 0.894452
0 0.449583 0.361806 0.0458333 0.0708333 0.920063
