0 0.3975 0.809028 0.116667 0.1375 0.189679
0 0.569583 0.120139 0.0108333 0.0180556 0.194654
0 0.544583 0.167361 0.0175 0.0263889 0.339234
0 0.539583 0.194444 0.0225 0.0333333 0.734189
0 0.509583 0.165972 0.0191667 0.0319444 0.75977
0 0.495 0.204861 0.0216667 0.0347222 0.814108
0 0.54125 0.24375 0.0275 0.0430556 0.860451
0 0.595417 0.592361 0.0658333 0.115278 0.884795
0 0.585417 0.206944 0.0241667 0.0388889 0.885471
0 0.585833 0.289583 0.0333333 0.0513889 0.894079
0 0.624167 0.251389 0.03 0.0444444 0.902308
0 0.39 0.49375 0.07 0.101389 0.90899
