0 0.508333 0.168056 0.02 0.0305556 0.10602
0 0.517083 0.120139 0.0108333 0.0208333 0.130258
0 0.572917 0.139583 0.0141667 0.0236111 0.729765
0 0.504167 0.183333 0.0183333 0.0305556 0.770279
0 0.514167 0.151389 0.015 0.025 0.779687
0 0.541667 0.214583 0.025 0.0402778 0.813087
0 0.495833 0.214583 0.025 0.0347222 0.873562
0 0.532083 0.263889 0.0308333 0.0472222 0.877803
0 0.523333 0.355556 0.0433333 0.0694444 0.884517
0 0.65625 0.376389 0.0458333 0.0666667 0.886178
0 0.599583 0.26875 0.0325 0.0486111 0.892172
0 0.470417 0.284722 0.0341667 0.0527778 0.916814
0 0.58125 0.45 0.0575 0.0944444 0.920525
