0 0.567083 0.0972222 0.0075 0.0138889 0.0710474
0 0.519167 0.125 0.0116667 0.0194444 0.212263
0 0.545417 0.13125 0.0125 0.0208333 0.255341
0 0.665833 0.336111 0.0183333 0.05 0.495807
0 0.544583 0.152778 0.0141667 0.0305556 0.567262
0 0.573333 0.145139 0.0166667 0.0319444 0.623108
0 0.592917 0.1625 0.0175 0.0277778 0.758939
0 0.465417 0.627083 0.0791667 0.1125 0.842463
0 0.484583 0.234722 0.0291667 0.0444444 0.881369
0 0.539583 0.230556 0.0291667 0.0444444 0.881751
0 0.597083 0.306944 0.0375 0.0555556 0.88311
0 0.625417 0.252083 0.0325 0.0430556 0.885446
0 0.510417 0.152083 0.0175 0.0291667 0.888864
0 0.541667 0.386806 0.0483333 0.0763889 0.91656
