0 0.544583 0.157639 0.0175 0.0263889 0.0962334
0 0.520833 0.122917 0.0116667 0.0208333 0.109426
0 0.232083 0.79375 0.124167 0.145833 0.171248
0 0.569583 0.117361 0.0108333 0.0180556 0.361415
0 0.444583 0.635417 0.0841667 0.1375 0.62891
0 0.540417 0.182639 0.0225 0.0319444 0.644198
0 0.51125 0.157639 0.0191667 0.0291667 0.793305
0 0.498333 0.193056 0.0216667 0.0333333 0.848122
0 0.541667 0.225694 0.0266667 0.0402778 0.850111
0 0.597083 0.489583 0.0558333 0.0930556 0.864152
0 0.619583 0.229861 0.0275 0.0402778 0.881499
0 0.42375 0.420139 0.0641667 0.0819444 0.882149
0 0.584167 0.195833 0.0233333 0.0333333 0.904536
0 0.585833 0.265972 0.0316667 0.0486111 0.905942
