0 0.4975 0.203472 0.025 0.0402778 0.114028
0 0.515833 0.124306 0.0116667 0.0208333 0.263954
0 0.501667 0.193056 0.0216667 0.0333333 0.747022
0 0.512083 0.159722 0.0158333 0.0277778 0.819421
0 0.539583 0.230556 0.0275 0.0444444 0.849753
0 0.606667 0.290278 0.04 0.0527778 0.853323
0 0.57625 0.531944 0.0658333 0.105556 0.855056
0 0.574167 0.144444 0.015 0.025 0.855466
0 0.67125 0.422917 0.0541667 0.0847222 0.869265
0 0.459583 0.313194 0.0391667 0.0569444 0.875407
0 0.49 0.231944 0.0266667 0.0388889 0.878577
0 0.5125 0.402778 0.05 0.0833333 0.880919
0 0.527917 0.286111 0.0358333 0.0555556 0.887288
