0 0.509583 0.163889 0.0258333 0.05 0.0742676
0 0.514583 0.138194 0.0141667 0.0236111 0.0998878
0 0.515417 0.129167 0.0141667 0.0222222 0.754125
0 0.569583 0.647222 0.0875 0.122222 0.782998
0 0.575 0.150694 0.015 0.0263889 0.792694
0 0.485 0.25 0.0283333 0.0416667 0.836164
0 0.537917 0.251389 0.0291667 0.0444444 0.859745
0 0.498333 0.206944 0.025 0.0388889 0.862321
0 0.5225 0.315278 0.04 0.0611111 0.863947
0 0.61375 0.314583 0.0391667 0.0597222 0.865545
0 0.498333 0.464583 0.0583333 0.0958333 0.873569
0 0.443333 0.348611 0.045 0.0638889 0.878466
0 0.509583 0.167361 0.0175 0.0291667 0.893541
0 0.68875 0.486806 0.0675 0.0902778 0.908378
