0 0.567083 0.101389 0.00916667 0.0138889 0.0745394
0 0.581667 0.199306 0.0283333 0.0486111 0.130888
0 0.02375 0.525694 0.0475 0.0736111 0.131186
0 0.095 0.538889 0.0683333 0.0805556 0.323915
0 0.56875 0.133333 0.0125 0.025 0.623569
0 0.442917 0.659028 0.0908333 0.145833 0.707727
0 0.58 0.176389 0.0183333 0.0305556 0.757598
0 0.687083 0.53125 0.0775 0.109722 0.80823
0 0.4875 0.238889 0.0333333 0.05 0.842784
0 0.508333 0.152778 0.0183333 0.0305556 0.853187
0 0.581667 0.213889 0.025 0.0361111 0.864005
0 0.63125 0.24375 0.0308333 0.0486111 0.917422
