0 0.0158333 0.541667 0.0316667 0.0638889 0.0943762
0 0.544167 0.104861 0.01 0.0263889 0.156013
0 0.210833 0.900694 0.131667 0.145833 0.160998
0 0.842917 0.948611 0.0825 0.0777778 0.200607
0 0.14875 0.475694 0.0825 0.0791667 0.227625
0 0.569167 0.113889 0.01 0.0166667 0.233719
0 0.713333 0.513889 0.08 0.111111 0.826828
0 0.518333 0.359722 0.0433333 0.075 0.880347
0 0.585417 0.511806 0.0625 0.0986111 0.880936
0 0.540833 0.197222 0.0216667 0.0361111 0.883477
0 0.547083 0.254861 0.0291667 0.0486111 0.888038
0 0.507917 0.170139 0.0208333 0.0291667 0.888154
0 0.35875 0.561806 0.0791667 0.109722 0.897373
