0 0.0179167 0.270139 0.0358333 0.0319444 0.0628484
0 0.0104167 0.274306 0.0191667 0.0208333 0.0629334
0 0.587917 0.113194 0.00916667 0.0180556 0.0993164
0 0.0108333 0.276389 0.0216667 0.0305556 0.110783
0 0.57125 0.13125 0.0141667 0.0208333 0.130422
0 0.511667 0.148611 0.0183333 0.0277778 0.147234
0 0.544167 0.115278 0.0116667 0.0277778 0.155527
0 0.516667 0.136806 0.015 0.0263889 0.702842
0 0.575417 0.150694 0.0158333 0.0263889 0.703691
0 0.506667 0.161806 0.0183333 0.0291667 0.809714
0 0.545417 0.159028 0.0175 0.0263889 0.85254
0 0.634583 0.356944 0.0425 0.0638889 0.880876
0 0.581667 0.218056 0.0266667 0.0416667 0.916003
0 0.535833 0.207639 0.025 0.0375 0.918007
