0 0.567083 0.0993056 0.0075 0.0125 0.0675151
0 0.284583 0.340972 0.0525 0.0430556 0.118726
0 0.545 0.136111 0.0116667 0.0194444 0.326237
0 0.426667 0.790972 0.1 0.190278 0.348282
0 0.544583 0.161806 0.0175 0.0291667 0.442845
0 0.667083 0.375 0.0191667 0.0555556 0.492076
0 0.574167 0.152083 0.015 0.0291667 0.514723
0 0.517917 0.129167 0.0125 0.0222222 0.558765
0 0.596667 0.168056 0.0183333 0.0277778 0.838718
0 0.53 0.4375 0.0533333 0.0833333 0.872711
0 0.476667 0.261111 0.0316667 0.0472222 0.875576
0 0.508333 0.1625 0.0216667 0.0305556 0.895555
0 0.635417 0.272917 0.0341667 0.0513889 0.897989
0 0.534583 0.252778 0.0325 0.0472222 0.902732
0 0.597917 0.334028 0.0391667 0.0652778 0.904103
