0 0.0270833 0.635417 0.0541667 0.0847222 0.0506169
0 0.585417 0.227083 0.0308333 0.0708333 0.0911809
0 0.5425 0.144444 0.0166667 0.0305556 0.133567
0 0.544167 0.154861 0.0166667 0.0347222 0.134476
0 0.47125 0.486806 0.0325 0.0736111 0.203025
0 0.542083 0.131944 0.0125 0.025 0.323272
0 0.568333 0.127778 0.015 0.025 0.5216
0 0.584583 0.217361 0.0241667 0.0347222 0.578422
0 0.544583 0.170139 0.0175 0.0291667 0.720476
0 0.589167 0.256944 0.0316667 0.0527778 0.880852
0 0.512917 0.145139 0.0175 0.0291667 0.882061
