0 0.524583 0.0972222 0.00916667 0.0194444 0.0701184
0 0.575833 0.145139 0.0133333 0.0263889 0.200612
0 0.570833 0.920139 0.0916667 0.123611 0.404521
0 0.544583 0.124306 0.0125 0.0208333 0.632098
0 0.520833 0.119444 0.0116667 0.0194444 0.640687
0 0.577083 0.179167 0.0241667 0.0388889 0.724076
0 0.575417 0.620139 0.0741667 0.106944 0.818709
0 0.522083 0.347917 0.0408333 0.0736111 0.85756
0 0.540417 0.204861 0.0225 0.0375 0.867243
0 0.534167 0.272222 0.0316667 0.0472222 0.87335
0 0.470417 0.288889 0.0375 0.0583333 0.894058
