0 0.49375 0.238889 0.0375 0.0777778 0.0516986
0 0.542917 0.127778 0.0108333 0.0194444 0.0610428
0 0.542083 0.10625 0.00916667 0.0152778 0.0801697
0 0.549583 0.147222 0.0141667 0.025 0.366397
0 0.498333 0.203472 0.0233333 0.0375 0.770942
0 0.6125 0.236806 0.0333333 0.0541667 0.825867
0 0.611667 0.302778 0.035 0.0555556 0.838939
0 0.492917 0.245139 0.0291667 0.0430556 0.862497
0 0.521667 0.340972 0.04 0.0625 0.892558
0 0.58375 0.196528 0.0225 0.0347222 0.896383
0 0.542917 0.170833 0.0191667 0.0305556 0.908607
