0 0.554167 0.825 0.108333 0.15 0.206498
0 0.51375 0.134722 0.0141667 0.025 0.696113
0 0.492917 0.222917 0.0258333 0.0402778 0.824866
0 0.577083 0.157639 0.0158333 0.0263889 0.844368
0 0.515833 0.345139 0.045 0.0680556 0.872802
0 0.535 0.270833 0.0316667 0.05 0.885445
0 0.425417 0.395833 0.0508333 0.075 0.888541
0 0.476667 0.272917 0.0333333 0.0486111 0.893822
0 0.476667 0.548611 0.075 0.105556 0.897117
0 0.62375 0.345833 0.0425 0.0638889 0.897198
0 0.712917 0.574306 0.0791667 0.106944 0.903817
0 0.5075 0.177778 0.02 0.0305556 0.928561
