0 0.569583 0.127083 0.0108333 0.0208333 0.0729326
0 0.219167 0.829861 0.155 0.154167 0.0806268
0 0.651667 0.244444 0.01 0.025 0.086197
0 0.594167 0.201389 0.0266667 0.0666667 0.129737
0 0.544583 0.129861 0.0125 0.0236111 0.136457
0 0.65125 0.236806 0.0141667 0.0263889 0.254472
0 0.580417 0.141667 0.0125 0.0222222 0.29086
0 0.517083 0.123611 0.0158333 0.0222222 0.655415
0 0.594583 0.192361 0.0208333 0.0347222 0.670323
0 0.591667 0.224306 0.0216667 0.0430556 0.675605
0 0.521667 0.347917 0.0383333 0.0652778 0.846771
0 0.544167 0.16875 0.0183333 0.0291667 0.850652
0 0.469167 0.588889 0.0766667 0.105556 0.89571
0 0.5675 0.26875 0.0316667 0.0486111 0.904635
0 0.505417 0.168056 0.0191667 0.0305556 0.906925
