0 0.500833 0.203472 0.025 0.0458333 0.0503011
0 0.57875 0.164583 0.0258333 0.0458333 0.058956
0 0.449167 0.66875 0.0933333 0.123611 0.664459
0 0.74625 0.685417 0.0991667 0.131944 0.712254
0 0.5125 0.140972 0.015 0.0263889 0.745598
0 0.487917 0.240972 0.0275 0.0458333 0.825389
0 0.4675 0.3 0.0366667 0.0527778 0.850886
0 0.579167 0.165972 0.0183333 0.0291667 0.853751
0 0.504583 0.389583 0.0491667 0.0819444 0.868371
0 0.5325 0.299306 0.0366667 0.0597222 0.904039
0 0.63625 0.38125 0.0475 0.0736111 0.906385
0 0.504583 0.189583 0.0208333 0.0319444 0.911599
0 0.3975 0.454167 0.065 0.0944444 0.91723
