0 0.509583 0.15625 0.0158333 0.0291667 0.0775365
0 0.570417 0.125 0.0108333 0.0222222 0.329169
0 0.518333 0.13125 0.0116667 0.0208333 0.431001
0 0.589583 0.738194 0.0791667 0.120833 0.580396
0 0.54375 0.176389 0.0191667 0.0305556 0.690534
0 0.34625 0.602083 0.104167 0.118056 0.748976
0 0.507083 0.177083 0.0208333 0.0319444 0.783259
0 0.53875 0.208333 0.0258333 0.0388889 0.853669
0 0.490417 0.219444 0.0258333 0.0388889 0.883496
0 0.587083 0.315278 0.0391667 0.0611111 0.901051
0 0.54 0.266667 0.0316667 0.05 0.906684
0 0.588333 0.21875 0.0266667 0.0402778 0.918132
0 0.6275 0.277083 0.0333333 0.0486111 0.930798
