0 0.175833 0.452083 0.0766667 0.0458333 0.063428
0 0.533333 0.119444 0.0133333 0.025 0.130802
0 0.54125 0.14375 0.0158333 0.0263889 0.566182
0 0.550833 0.169444 0.02 0.0305556 0.8164
0 0.482083 0.258333 0.0325 0.0444444 0.833407
0 0.53875 0.207639 0.0241667 0.0402778 0.856221
0 0.485833 0.527778 0.0633333 0.105556 0.866496
0 0.644167 0.398611 0.05 0.075 0.869473
0 0.465417 0.323611 0.0425 0.0638889 0.874109
0 0.6375 0.288889 0.0416667 0.0722222 0.874319
0 0.587083 0.247917 0.0291667 0.0458333 0.89462
