0 0.600833 0.2 0.03 0.0388889 0.0693515
0 0.544583 0.151389 0.0191667 0.0305556 0.137794
0 0.569583 0.113889 0.00916667 0.0166667 0.138075
0 0.776667 0.911111 0.125 0.138889 0.150782
0 0.512083 0.145833 0.0175 0.0388889 0.202836
0 0.5425 0.173611 0.0183333 0.0333333 0.691421
0 0.50125 0.18125 0.0208333 0.0319444 0.80793
0 0.475417 0.522222 0.0691667 0.105556 0.852956
0 0.320833 0.615972 0.09 0.118056 0.855876
0 0.447083 0.364583 0.0508333 0.0736111 0.881969
0 0.598333 0.422222 0.0433333 0.0805556 0.889364
0 0.585 0.245139 0.03 0.0430556 0.892279
0 0.543333 0.211806 0.025 0.0375 0.897417
0 0.58125 0.186111 0.0208333 0.0333333 0.906897
0 0.616667 0.215278 0.0266667 0.0388889 0.912183
