0 0.54375 0.102083 0.0108333 0.0263889 0.0602106
0 0.0170833 0.640278 0.0341667 0.0666667 0.107094
0 0.762083 0.681944 0.114167 0.15 0.167703
0 0.191667 0.886111 0.118333 0.127778 0.17733
0 0.54375 0.113194 0.0108333 0.0263889 0.220896
0 0.567917 0.122917 0.0108333 0.0180556 0.314531
0 0.574583 0.794444 0.0908333 0.161111 0.376269
0 0.53875 0.306944 0.0358333 0.0583333 0.837304
0 0.537917 0.228472 0.0275 0.0430556 0.878762
0 0.495 0.470833 0.065 0.0944444 0.924825
0 0.495417 0.200694 0.0241667 0.0347222 0.929087
