0 0.509167 0.163889 0.025 0.0472222 0.057995
0 0.202083 0.844444 0.129167 0.155556 0.124391
0 0.522083 0.125 0.0125 0.0222222 0.357061
0 0.44125 0.624306 0.0858333 0.123611 0.79606
0 0.687083 0.553472 0.0775 0.101389 0.833863
0 0.585 0.194444 0.0216667 0.0333333 0.861139
0 0.510833 0.421528 0.0483333 0.0847222 0.882561
0 0.508333 0.165972 0.0183333 0.0291667 0.889327
0 0.490833 0.234028 0.0266667 0.0430556 0.892181
0 0.459167 0.319444 0.035 0.0555556 0.909621
0 0.415833 0.425 0.055 0.0805556 0.911932
