0 0.5125 0.159028 0.0233333 0.0486111 0.0565151
0 0.2025 0.422917 0.0666667 0.0458333 0.0674607
0 0.569583 0.109028 0.0108333 0.0152778 0.0751214
0 0.544583 0.104861 0.00916667 0.0208333 0.126643
0 0.792917 0.815972 0.1125 0.140278 0.24158
0 0.305833 0.70625 0.105 0.156944 0.559915
0 0.696667 0.45 0.0666667 0.105556 0.865149
0 0.5125 0.159722 0.0183333 0.0277778 0.879242
0 0.549167 0.235417 0.0266667 0.0458333 0.880611
0 0.54125 0.186806 0.0191667 0.0319444 0.882279
0 0.525 0.321528 0.0383333 0.0625 0.894502
0 0.589167 0.432639 0.0516667 0.0819444 0.914327
0 0.398333 0.469444 0.0633333 0.0972222 0.919517
