0 0.560417 0.0979167 0.0125 0.0180556 0.0872587
0 0.0366667 0.599306 0.0733333 0.0875 0.25109
0 0.590417 0.125694 0.0108333 0.0180556 0.505482
0 0.548333 0.126389 0.0133333 0.0222222 0.743293
0 0.515 0.128472 0.0166667 0.0263889 0.78982
0 0.502917 0.2 0.0208333 0.0361111 0.850566
0 0.601667 0.156944 0.0166667 0.025 0.867045
0 0.74 0.591667 0.0716667 0.111111 0.869507
0 0.4625 0.554167 0.0733333 0.105556 0.873887
0 0.493333 0.24375 0.0283333 0.0430556 0.874258
0 0.584167 0.474306 0.05 0.0902778 0.918476
