0 0.522917 0.102778 0.0108333 0.0222222 0.067366
0 0.630833 0.182639 0.0116667 0.0236111 0.104438
0 0.57 0.122917 0.01 0.0180556 0.183609
0 0.584167 0.178472 0.0183333 0.0291667 0.44807
0 0.580417 0.157639 0.0158333 0.0291667 0.449922
0 0.555 0.950694 0.0983333 0.0875 0.538356
0 0.544167 0.135417 0.0133333 0.0236111 0.654409
0 0.515833 0.131944 0.015 0.025 0.763616
0 0.575833 0.204861 0.025 0.0347222 0.817844
0 0.525 0.334028 0.0383333 0.0597222 0.875028
0 0.536667 0.238889 0.0266667 0.0416667 0.876386
0 0.438333 0.366667 0.05 0.0777778 0.892017
0 0.504167 0.455556 0.0583333 0.1 0.89673
