0 0.545 0.120833 0.01 0.0194444 0.0882803
0 0.640417 0.208333 0.0141667 0.025 0.171554
0 0.52 0.113889 0.0133333 0.0222222 0.17423
0 0.575 0.132639 0.0116667 0.0208333 0.296931
0 0.585417 0.175694 0.0208333 0.0430556 0.361948
0 0.46625 0.65 0.0925 0.125 0.728644
0 0.588333 0.197222 0.0216667 0.0388889 0.734621
0 0.51125 0.146528 0.0158333 0.0263889 0.82655
0 0.545 0.147222 0.0166667 0.025 0.863741
0 0.507917 0.425 0.0508333 0.0888889 0.886202
0 0.573333 0.231944 0.0266667 0.0416667 0.895791
0 0.374167 0.5125 0.0766667 0.105556 0.909312
0 0.532083 0.284722 0.0341667 0.0527778 0.943384
