0 0.566667 0.119444 0.0116667 0.0194444 0.403231
0 0.439167 0.721528 0.0966667 0.148611 0.748156
0 0.501667 0.538194 0.0616667 0.115278 0.827167
0 0.540417 0.222222 0.0258333 0.0444444 0.864458
0 0.58125 0.191667 0.0208333 0.0333333 0.864843
0 0.585 0.45 0.0533333 0.0916667 0.876909
0 0.498333 0.195139 0.0233333 0.0347222 0.881561
0 0.69 0.431944 0.045 0.0805556 0.882192
0 0.607917 0.247917 0.0291667 0.0430556 0.884727
0 0.50125 0.250694 0.0275 0.0458333 0.890083
0 0.414583 0.427083 0.0608333 0.0819444 0.914757
