0 0.545833 0.135417 0.0166667 0.0263889 0.0518344
0 0.115 0.513889 0.085 0.0777778 0.206006
0 0.515833 0.129861 0.015 0.0291667 0.25235
0 0.544167 0.147917 0.0166667 0.0319444 0.275991
0 0.426667 0.723611 0.09 0.147222 0.708556
0 0.545417 0.176389 0.0208333 0.0333333 0.783799
0 0.575833 0.161806 0.0183333 0.0291667 0.824915
0 0.508333 0.154861 0.0166667 0.0263889 0.837897
0 0.432083 0.373611 0.0458333 0.0722222 0.851482
0 0.68 0.542361 0.075 0.101389 0.856919
0 0.610417 0.175 0.0191667 0.0305556 0.894256
0 0.582083 0.202778 0.0241667 0.0361111 0.895909
0 0.59375 0.29375 0.0325 0.0513889 0.910386
0 0.51875 0.339583 0.0425 0.0680556 0.913872
0 0.485417 0.264583 0.0325 0.0513889 0.914349
