0 0.52125 0.115972 0.0108333 0.0263889 0.0508919
0 0.207917 0.424306 0.0758333 0.0625 0.151692
0 0.5675 0.107639 0.00833333 0.0152778 0.200118
0 0.547083 0.121528 0.0108333 0.0208333 0.314544
0 0.573333 0.141667 0.0133333 0.025 0.388864
0 0.6675 0.484722 0.0233333 0.0722222 0.441161
0 0.544583 0.148611 0.0158333 0.025 0.761005
0 0.54375 0.179167 0.0208333 0.025 0.765856
0 0.515833 0.143056 0.015 0.025 0.799448
0 0.655 0.324306 0.0433333 0.0597222 0.836118
0 0.499583 0.578472 0.0725 0.1125 0.845668
0 0.575833 0.167361 0.0166667 0.0263889 0.846831
0 0.502917 0.185417 0.0241667 0.0375 0.870006
0 0.604167 0.184028 0.02 0.0319444 0.871567
0 0.599583 0.4125 0.0491667 0.0861111 0.883074
0 0.449167 0.338194 0.0433333 0.0652778 0.885952
0 0.522917 0.318056 0.0391667 0.0638889 0.908988
