0 0.577917 0.138889 0.0108333 0.0166667 0.0926708
0 0.419583 0.825694 0.1275 0.159722 0.127694
0 0.64625 0.223611 0.0125 0.025 0.21426
0 0.589583 0.178472 0.0208333 0.0319444 0.240985
0 0.517917 0.11875 0.0141667 0.0236111 0.36
0 0.590833 0.191667 0.0233333 0.0444444 0.5026
0 0.31125 0.635417 0.0958333 0.148611 0.607434
0 0.59 0.209028 0.0233333 0.0402778 0.710115
0 0.544167 0.159028 0.0166667 0.0291667 0.831715
0 0.527917 0.313194 0.0341667 0.0597222 0.879223
0 0.57125 0.247917 0.0291667 0.0402778 0.883151
0 0.49125 0.495833 0.0608333 0.0972222 0.883172
0 0.508333 0.15625 0.0183333 0.0263889 0.893076
