0 0.504583 0.19375 0.0258333 0.0486111 0.151025
0 0.564167 0.109722 0.01 0.0166667 0.189096
0 0.3 0.69375 0.118333 0.134722 0.228044
0 0.599167 0.219444 0.025 0.0388889 0.861016
0 0.585833 0.346528 0.04 0.0652778 0.862844
0 0.458333 0.319444 0.04 0.0555556 0.862899
0 0.507083 0.210417 0.0241667 0.0375 0.865317
0 0.505 0.170833 0.02 0.0305556 0.877293
0 0.495833 0.475 0.06 0.0972222 0.878292
0 0.542083 0.192361 0.0208333 0.0347222 0.883067
0 0.579167 0.167361 0.0183333 0.0291667 0.884016
0 0.667917 0.351389 0.0358333 0.0638889 0.895043
0 0.518333 0.375694 0.0416667 0.0736111 0.918828
