0 0.511667 0.154167 0.02 0.0444444 0.0532489
0 0.561667 0.100694 0.00833333 0.0152778 0.0828327
0 0.800833 0.8625 0.125 0.152778 0.154886
0 0.527917 0.280556 0.0325 0.0666667 0.350069
0 0.513333 0.145833 0.015 0.0277778 0.565813
0 0.512083 0.170139 0.0175 0.0291667 0.803881
0 0.527083 0.318056 0.0375 0.0611111 0.85492
0 0.5875 0.186806 0.02 0.0347222 0.857896
0 0.582917 0.261806 0.0308333 0.0430556 0.865024
0 0.492083 0.23125 0.0291667 0.0430556 0.875363
0 0.544583 0.161806 0.0175 0.0291667 0.880795
0 0.439583 0.376389 0.0591667 0.0805556 0.887806
0 0.645417 0.275 0.0291667 0.05 0.89144
0 0.575417 0.14375 0.0158333 0.0263889 0.900254
0 0.53375 0.255556 0.0291667 0.0472222 0.902988
