0 0.736667 0.586806 0.05 0.0847222 0.0548794
0 0.515833 0.135417 0.0133333 0.0319444 0.114869
0 0.372083 0.897222 0.124167 0.172222 0.120889
0 0.570833 0.90625 0.101667 0.1375 0.460939
0 0.514167 0.15 0.0166667 0.0277778 0.597287
0 0.57375 0.13125 0.0141667 0.0236111 0.712742
0 0.537917 0.209722 0.0241667 0.0388889 0.84687
0 0.535417 0.259722 0.0308333 0.0472222 0.850239
0 0.580833 0.225694 0.0266667 0.0402778 0.852143
0 0.471667 0.290972 0.0416667 0.0597222 0.854605
0 0.73125 0.59375 0.0808333 0.118056 0.863076
0 0.545 0.147222 0.015 0.0277778 0.872957
0 0.5825 0.170139 0.0183333 0.0291667 0.880979
0 0.50375 0.195833 0.0225 0.0361111 0.891276
0 0.631667 0.241667 0.0266667 0.0444444 0.901739
