0 0.37375 0.921528 0.0925 0.140278 0.391767
0 0.490417 0.693056 0.0825 0.130556 0.652971
0 0.567917 0.122917 0.0125 0.0208333 0.661631
0 0.705833 0.490278 0.0516667 0.1 0.873655
0 0.61375 0.263889 0.0291667 0.0472222 0.878057
0 0.493333 0.210417 0.025 0.0375 0.881975
0 0.375 0.517361 0.0733333 0.0958333 0.881995
0 0.58 0.530556 0.0683333 0.0972222 0.891426
0 0.49875 0.279167 0.0308333 0.0527778 0.898304
0 0.582917 0.20625 0.0241667 0.0375 0.902814
0 0.538333 0.240972 0.0283333 0.0486111 0.913185
