0 0.58125 0.164583 0.0191667 0.0347222 0.057881
0 0.579167 0.175694 0.025 0.0430556 0.0652322
0 0.57875 0.152083 0.0225 0.0347222 0.204879
0 0.570833 0.770833 0.08 0.141667 0.487752
0 0.544167 0.129167 0.0133333 0.0222222 0.542221
0 0.517917 0.126389 0.0141667 0.0222222 0.601504
0 0.57625 0.191667 0.0225 0.0333333 0.791851
0 0.539167 0.220833 0.025 0.0388889 0.841592
0 0.457083 0.323611 0.0441667 0.0666667 0.897649
0 0.5325 0.302083 0.0333333 0.0569444 0.91019
0 0.516667 0.396528 0.0466667 0.0875 0.916679
