0 0.502083 0.198611 0.0225 0.05 0.066453
0 0.1775 0.911806 0.156667 0.115278 0.0904825
0 0.5025 0.213889 0.0266667 0.0472222 0.129755
0 0.565833 0.114583 0.01 0.0180556 0.287545
0 0.472917 0.574306 0.0691667 0.120833 0.837222
0 0.505 0.227778 0.025 0.0388889 0.852874
0 0.585833 0.391667 0.045 0.0722222 0.858111
0 0.50125 0.183333 0.0225 0.0305556 0.876626
0 0.54125 0.20625 0.0241667 0.0402778 0.877422
0 0.44125 0.367361 0.0508333 0.0680556 0.884247
0 0.58 0.179167 0.02 0.0305556 0.892756
0 0.678333 0.386111 0.0433333 0.0694444 0.893583
0 0.511667 0.443056 0.0483333 0.0888889 0.898113
0 0.602917 0.234722 0.0275 0.0416667 0.911621
