0 0.569167 0.109722 0.01 0.0166667 0.160186
0 0.544167 0.153472 0.0183333 0.0319444 0.173031
0 0.734583 0.740278 0.100833 0.133333 0.196576
0 0.514167 0.142361 0.0166667 0.0291667 0.386586
0 0.5425 0.163194 0.0183333 0.0319444 0.420082
0 0.494583 0.444444 0.0591667 0.0888889 0.86378
0 0.464167 0.324306 0.045 0.0597222 0.864374
0 0.544167 0.197222 0.0233333 0.0361111 0.865722
0 0.579583 0.177083 0.0191667 0.0291667 0.899304
0 0.584167 0.227778 0.0283333 0.0416667 0.90406
0 0.504167 0.170833 0.02 0.0305556 0.910842
0 0.373333 0.506944 0.0733333 0.0972222 0.914236
0 0.615 0.2 0.0233333 0.0361111 0.923348
0 0.597917 0.366667 0.0408333 0.0666667 0.92378
