0 0.867708 0.336111 0.0770833 0.0425926 0.0520747
0 0.427083 0.160185 0.0270833 0.0388889 0.0670284
0 0.631771 0.135185 0.0177083 0.0333333 0.145192
0 0.530208 0.0805556 0.0125 0.0277778 0.148784
0 0.684375 0.142593 0.0229167 0.037037 0.158564
0 0.464583 0.172222 0.0229167 0.037037 0.208422
0 0.589583 0.107407 0.0166667 0.037037 0.214321
0 0.743229 0.235185 0.0447917 0.0518519 0.259307
0 0.461979 0.113889 0.0197917 0.0314815 0.306567
0 0.367708 0.247222 0.0416667 0.0537037 0.457709
0 0.483333 0.140741 0.0229167 0.0444444 0.480297
0 0.241667 0.607407 0.104167 0.162963 0.515806
0 0.604688 0.168519 0.0260417 0.0555556 0.650428
0 0.682813 0.226852 0.040625 0.0537037 0.715511
0 0.51875 0.139815 0.025 0.0462963 0.72621
0 0.624479 0.232407 0.0322917 0.0537037 0.75331
0 0.503125 0.199074 0.03125 0.0537037 0.773784
0 0.802083 0.492593 0.0770833 0.111111 0.781497
0 0.445833 0.207407 0.0354167 0.0592593 0.80594
0 0.638021 0.306481 0.053125 0.087037 0.846763
