0 0.523438 0.0657407 0.009375 0.0203704 0.0537101
0 0.706771 0.20463 0.0447917 0.0574074 0.0730012
0 0.8125 0.265741 0.0520833 0.0425926 0.0744946
0 0.807292 0.267593 0.0645833 0.0759259 0.0751278
0 0.44375 0.135185 0.0208333 0.0333333 0.107858
0 0.765104 0.8 0.130208 0.144444 0.118489
0 0.490104 0.0851852 0.0135417 0.0296296 0.258517
0 0.732813 0.17963 0.0302083 0.0407407 0.368729
0 0.983854 0.913889 0.0322917 0.116667 0.565646
0 0.403646 0.621296 0.096875 0.183333 0.577604
0 0.344271 0.282407 0.0510417 0.0611111 0.587495
0 0.623438 0.163889 0.0302083 0.0388889 0.628789
0 0.664583 0.150926 0.0291667 0.0462963 0.667835
0 0.608854 0.116667 0.0239583 0.0407407 0.6971
0 0.539583 0.0842593 0.0145833 0.0277778 0.717309
0 0.699479 0.22037 0.0364583 0.0518519 0.774439
0 0.253646 0.396296 0.084375 0.111111 0.803111
0 0.364583 0.372222 0.075 0.12963 0.803122
0 0.478125 0.171296 0.0270833 0.0425926 0.821943
0 0.655729 0.264815 0.046875 0.0851852 0.844518
0 0.526042 0.167593 0.0270833 0.0425926 0.854607
