0 0.783854 0.581481 0.040625 0.0740741 0.0655681
0 0.854167 0.240741 0.0583333 0.062963 0.0880079
0 0.515104 0.0981481 0.0114583 0.0259259 0.0972066
0 0.660417 0.14537 0.0208333 0.0351852 0.19148
0 0.973958 0.746296 0.0520833 0.140741 0.271805
0 0.601562 0.087963 0.015625 0.0351852 0.426688
0 0.420312 0.314815 0.0489583 0.0814815 0.758225
0 0.613021 0.119444 0.0177083 0.0314815 0.76408
0 0.838021 0.522222 0.103125 0.137037 0.765209
0 0.801562 0.285185 0.053125 0.0703704 0.782602
0 0.529167 0.12963 0.01875 0.0333333 0.828715
0 0.767187 0.357407 0.0572917 0.0777778 0.870797
0 0.696875 0.464815 0.0729167 0.122222 0.872817
0 0.622396 0.164815 0.0302083 0.0518519 0.896964
0 0.653646 0.306481 0.046875 0.0722222 0.908465
0 0.483854 0.333333 0.053125 0.0814815 0.923483
