0 0.8125 0.958333 0.127083 0.0833333 0.0722554
0 0.810938 0.950926 0.0614583 0.0611111 0.090651
0 0.721354 0.162037 0.0239583 0.0388889 0.118282
0 0.524479 0.0657407 0.009375 0.0166667 0.127115
0 0.228646 0.325 0.059375 0.0722222 0.146748
0 0.453646 0.125926 0.021875 0.0259259 0.305224
0 0.492188 0.0833333 0.0135417 0.0259259 0.351089
0 0.832812 0.299074 0.0677083 0.087037 0.373389
0 0.626042 0.177778 0.03125 0.0481481 0.598211
0 0.609375 0.118519 0.025 0.0481481 0.641581
0 0.365625 0.251852 0.04375 0.0666667 0.652518
0 0.709896 0.241667 0.0427083 0.0574074 0.664907
0 0.541146 0.0787037 0.015625 0.0277778 0.684509
0 0.745313 0.194444 0.034375 0.0518519 0.731345
0 0.392188 0.319444 0.0635417 0.101852 0.777485
0 0.669792 0.162963 0.03125 0.0518519 0.802456
0 0.483333 0.161111 0.025 0.037037 0.804905
0 0.291667 0.342593 0.06875 0.103704 0.813844
0 0.529167 0.155556 0.025 0.0407407 0.833949
0 0.4375 0.5 0.0833333 0.12963 0.836384
0 0.664583 0.3 0.0520833 0.103704 0.866642
