0 0.136458 0.575926 0.110417 0.177778 0.0787981
0 0.696354 0.12963 0.0197917 0.0333333 0.0918992
0 0.634896 0.0851852 0.0114583 0.0259259 0.111171
0 0.553125 0.0722222 0.0125 0.0259259 0.216274
0 0.659896 0.125 0.021875 0.0314815 0.227702
0 0.480729 0.108333 0.015625 0.0277778 0.252635
0 0.926042 0.652778 0.110417 0.142593 0.253435
0 0.619792 0.125 0.01875 0.0351852 0.315719
0 0.747396 0.686111 0.0989583 0.209259 0.376655
0 0.510417 0.115741 0.0166667 0.0314815 0.377855
0 0.740625 0.174074 0.03125 0.0555556 0.39017
0 0.550521 0.0990741 0.015625 0.0240741 0.418983
0 0.613542 0.0916667 0.0166667 0.0277778 0.423946
0 0.366667 0.262963 0.0479167 0.0592593 0.494944
0 0.3 0.549074 0.104167 0.168519 0.579824
0 0.435417 0.178704 0.0291667 0.0425926 0.590398
0 0.242188 0.437963 0.084375 0.101852 0.709116
0 0.631771 0.162037 0.0302083 0.0388889 0.709922
0 0.686458 0.193519 0.0333333 0.0537037 0.735789
0 0.796875 0.267593 0.0541667 0.0648148 0.800726
0 0.682292 0.336111 0.05625 0.0759259 0.81577
0 0.491146 0.15463 0.0239583 0.0388889 0.819182
0 0.474479 0.203704 0.0302083 0.0481481 0.8393
0 0.911458 0.425 0.0854167 0.0907407 0.839571
0 0.654167 0.241667 0.0395833 0.0611111 0.846319
0 0.536458 0.17037 0.0270833 0.0444444 0.849559
0 0.685417 0.446296 0.0666667 0.111111 0.867174
0 0.792708 0.393519 0.0666667 0.0981481 0.887137
