0 0.482812 0.157407 0.0197917 0.0333333 0.0569512
0 0.601562 0.0990741 0.015625 0.0277778 0.0598247
0 0.632812 0.0944444 0.015625 0.0333333 0.0629363
0 0.468229 0.119444 0.0135417 0.0351852 0.0812113
0 0.646354 0.128704 0.0135417 0.0277778 0.106582
0 0.0890625 0.92037 0.123958 0.125926 0.153548
0 0.629687 0.17963 0.028125 0.0407407 0.17457
0 0.927083 0.688889 0.122917 0.162963 0.17882
0 0.758333 0.221296 0.0375 0.0462963 0.273275
0 0.439583 0.169444 0.025 0.0388889 0.325059
0 0.538542 0.135185 0.0229167 0.037037 0.539116
0 0.476042 0.196296 0.0291667 0.0407407 0.614371
0 0.613021 0.136111 0.021875 0.0351852 0.649266
0 0.436979 0.553704 0.0864583 0.144444 0.692568
0 0.672396 0.173148 0.0302083 0.0537037 0.729772
0 0.408854 0.210185 0.0322917 0.0537037 0.772649
0 0.731771 0.290741 0.0572917 0.0888889 0.835959
0 0.327083 0.308333 0.0625 0.0907407 0.857108
0 0.640625 0.232407 0.0458333 0.0759259 0.867922
0 0.443229 0.247222 0.034375 0.0685185 0.87864
0 0.35625 0.417593 0.0625 0.101852 0.886005
0 0.660417 0.348148 0.0541667 0.0888889 0.886814
