0 0.493229 0.228704 0.0427083 0.0907407 0.0614965
0 0.651042 0.157407 0.0229167 0.0407407 0.0779222
0 0.972917 0.407407 0.0541667 0.0814815 0.0832316
0 0.495833 0.117593 0.0166667 0.0314815 0.104611
0 0.366146 0.70463 0.113542 0.15 0.23009
0 0.25625 0.577778 0.0916667 0.207407 0.298398
0 0.521875 0.131481 0.01875 0.0333333 0.427549
0 0.602604 0.133333 0.0260417 0.0444444 0.447513
0 0.35 0.269444 0.0458333 0.0648148 0.567573
0 0.178646 0.502778 0.096875 0.112963 0.691662
0 0.464063 0.183333 0.0322917 0.0481481 0.723948
0 0.421875 0.267593 0.04375 0.0648148 0.74161
0 0.901042 0.432407 0.0854167 0.087037 0.748066
0 0.486458 0.311111 0.0520833 0.0888889 0.748569
0 0.49375 0.225926 0.0333333 0.0518519 0.767084
0 0.619792 0.241667 0.0354167 0.0537037 0.803248
0 0.386979 0.364815 0.0614583 0.0925926 0.847498
0 0.659896 0.374074 0.0572917 0.103704 0.873153
