0 0.689583 0.388889 0.0604167 0.111111 0.0554107
0 0.51875 0.0805556 0.0166667 0.0351852 0.0573319
0 0.479688 0.193519 0.0385417 0.0981481 0.0613967
0 0.0776042 0.488889 0.130208 0.144444 0.0679353
0 0.697396 0.119444 0.0177083 0.0277778 0.106699
0 0.554688 0.05 0.0114583 0.0222222 0.115266
0 0.727083 0.15463 0.025 0.0388889 0.168096
0 0.619271 0.108333 0.0177083 0.0314815 0.21209
0 0.631771 0.136111 0.021875 0.0388889 0.243018
0 0.967188 0.347222 0.0635417 0.0759259 0.433213
0 0.627604 0.167593 0.0239583 0.0425926 0.476973
0 0.678125 0.159259 0.025 0.0333333 0.533175
0 0.974479 0.511111 0.0510417 0.107407 0.5991
0 0.690625 0.413889 0.0916667 0.124074 0.603345
0 0.84375 0.29537 0.0645833 0.0685185 0.635089
0 0.413542 0.191667 0.0333333 0.0425926 0.635162
0 0.494792 0.131481 0.0270833 0.0444444 0.648118
0 0.236458 0.442593 0.0833333 0.107407 0.707971
0 0.70625 0.20463 0.0333333 0.0462963 0.712574
0 0.663021 0.269444 0.046875 0.0574074 0.749078
0 0.639583 0.212963 0.0354167 0.0518519 0.773643
0 0.760417 0.310185 0.05 0.0981481 0.811496
0 0.821354 0.417593 0.0760417 0.101852 0.850314
0 0.535417 0.131481 0.0270833 0.0444444 0.85807
0 0.4375 0.255556 0.0416667 0.0666667 0.859483
0 0.475 0.191667 0.0333333 0.0537037 0.859958
0 0.511979 0.224074 0.0364583 0.0592593 0.860951
0 0.349479 0.431481 0.0760417 0.1 0.877784
