0 0.529167 0.05 0.00833333 0.0148148 0.0517236
0 0.978646 0.543519 0.0427083 0.112963 0.100934
0 0.611979 0.10463 0.0197917 0.0314815 0.10985
0 0.500521 0.062963 0.0114583 0.0259259 0.230216
0 0.654688 0.130556 0.0239583 0.0388889 0.367033
0 0.73125 0.534259 0.0875 0.164815 0.412126
0 0.479167 0.0962963 0.0166667 0.0259259 0.576261
0 0.545313 0.062037 0.0114583 0.0203704 0.595501
0 0.422917 0.17037 0.0291667 0.0555556 0.599924
0 0.680729 0.165741 0.028125 0.0425926 0.637234
0 0.3875 0.217593 0.0395833 0.0611111 0.675345
0 0.769271 0.223148 0.0385417 0.05 0.682348
0 0.813021 0.275 0.059375 0.0685185 0.706975
0 0.642708 0.244444 0.0416667 0.062963 0.735675
0 0.617188 0.157407 0.0322917 0.0518519 0.751843
0 0.500521 0.268519 0.040625 0.0703704 0.803056
0 0.501042 0.118519 0.01875 0.0333333 0.825691
0 0.704687 0.22037 0.040625 0.0666667 0.837879
0 0.778125 0.384259 0.0708333 0.0907407 0.846838
0 0.452604 0.199074 0.034375 0.0759259 0.849213
0 0.538021 0.110185 0.0197917 0.0314815 0.885597
