0 0.472917 0.10463 0.0145833 0.0277778 0.0516671
0 0.98125 0.577778 0.0375 0.0925926 0.0525327
0 0.521875 0.075 0.0104167 0.0240741 0.0604199
0 0.442708 0.148148 0.025 0.037037 0.109182
0 0.542708 0.0787037 0.0125 0.0277778 0.142634
0 0.673437 0.157407 0.0260417 0.0444444 0.317599
0 0.485938 0.143519 0.0239583 0.0351852 0.368798
0 0.786979 0.256481 0.0489583 0.05 0.395387
0 0.74375 0.178704 0.0333333 0.05 0.438442
0 0.298958 0.339815 0.0645833 0.0722222 0.507485
0 0.177083 0.498148 0.0958333 0.111111 0.609923
0 0.629687 0.15463 0.0239583 0.0462963 0.739141
0 0.530729 0.130556 0.0239583 0.0425926 0.769681
0 0.695833 0.441667 0.0770833 0.124074 0.863635
0 0.481771 0.308333 0.0510417 0.0796296 0.869241
