0 0.48125 0.138889 0.025 0.0333333 0.0860592
0 0.629167 0.124074 0.0270833 0.0296296 0.0898371
0 0.615104 0.192593 0.0364583 0.062963 0.133243
0 0.684896 0.137963 0.0302083 0.0462963 0.178981
0 0.768229 0.248148 0.053125 0.0666667 0.331472
0 0.721354 0.202778 0.0364583 0.05 0.372611
0 0.527083 0.101852 0.0166667 0.0296296 0.423497
0 0.583854 0.0842593 0.015625 0.0388889 0.458316
0 0.703125 0.573148 0.0979167 0.161111 0.682814
0 0.610937 0.169444 0.0260417 0.0425926 0.743038
0 0.817187 0.314815 0.0614583 0.0814815 0.755923
0 0.321875 0.294444 0.0520833 0.0740741 0.792366
0 0.691667 0.237963 0.0375 0.0611111 0.828973
0 0.616146 0.227778 0.0385417 0.0555556 0.832149
0 0.651042 0.344444 0.05625 0.0962963 0.856243
0 0.742188 0.367593 0.0635417 0.0981481 0.857202
0 0.385417 0.323148 0.05 0.0759259 0.906052
