0 0.75 0.823148 0.1625 0.187037 0.055489
0 0.577604 0.075 0.0135417 0.0314815 0.114674
0 0.526563 0.102778 0.0197917 0.0351852 0.156204
0 0.48125 0.133333 0.0229167 0.037037 0.219635
0 0.648958 0.162963 0.0229167 0.0296296 0.287786
0 0.0989583 0.6 0.102083 0.177778 0.301251
0 0.708333 0.175926 0.03125 0.0444444 0.4141
0 0.300521 0.234259 0.059375 0.0907407 0.414788
0 0.435417 0.227778 0.0375 0.0555556 0.573761
0 0.736458 0.212037 0.0354167 0.05 0.581734
0 0.599479 0.151852 0.021875 0.0481481 0.635236
0 0.519792 0.138889 0.0208333 0.0333333 0.655014
0 0.888021 0.44537 0.0947917 0.0944444 0.701092
0 0.617708 0.216667 0.0354167 0.0555556 0.736121
0 0.633333 0.288889 0.0541667 0.0777778 0.784106
0 0.804688 0.482407 0.0885417 0.109259 0.797409
0 0.673958 0.465741 0.0708333 0.105556 0.875329
0 0.666667 0.212963 0.0354167 0.0518519 0.88028
