0 0.575521 0.0703704 0.0114583 0.0296296 0.0977877
0 0.714583 0.184259 0.03125 0.0388889 0.161598
0 0.608854 0.187963 0.0302083 0.0351852 0.199976
0 0.651042 0.183333 0.0270833 0.0333333 0.276938
0 0.301042 0.239815 0.0604167 0.0981481 0.298751
0 0.246875 0.287037 0.075 0.103704 0.354169
0 0.522917 0.109259 0.0229167 0.0481481 0.488838
0 0.473958 0.15463 0.0291667 0.0425926 0.490786
0 0.595312 0.140741 0.0239583 0.0444444 0.513394
0 0.819271 0.34537 0.0677083 0.0796296 0.560635
0 0.689062 0.541667 0.0927083 0.12037 0.693142
0 0.514063 0.156481 0.021875 0.0388889 0.702118
0 0.619792 0.242593 0.0416667 0.0592593 0.704245
0 0.403125 0.294444 0.0458333 0.0666667 0.794511
0 0.653125 0.355556 0.0541667 0.0888889 0.864416
0 0.740104 0.35463 0.0614583 0.0907407 0.903562
