0 0.557292 0.0611111 0.0104167 0.0259259 0.0626678
0 0.483333 0.119444 0.0166667 0.0277778 0.167652
0 0.952083 0.337037 0.0791667 0.0703704 0.262666
0 0.611979 0.106481 0.0177083 0.0351852 0.27221
0 0.445312 0.174074 0.0239583 0.037037 0.35001
0 0.76875 0.671296 0.0979167 0.175926 0.36093
0 0.667708 0.141667 0.025 0.0388889 0.472079
0 0.517187 0.117593 0.0177083 0.0314815 0.518402
0 0.422396 0.198148 0.0302083 0.0444444 0.52302
0 0.895833 0.364815 0.0708333 0.111111 0.543848
0 0.769271 0.222222 0.0447917 0.0481481 0.556853
0 0.555729 0.0962963 0.015625 0.0259259 0.725244
0 0.632292 0.143519 0.0208333 0.0388889 0.740308
0 0.367188 0.4 0.065625 0.107407 0.805511
0 0.758333 0.325 0.0583333 0.0833333 0.835893
0 0.825 0.425926 0.075 0.107407 0.847961
0 0.705729 0.215741 0.0364583 0.0537037 0.851241
0 0.515625 0.264815 0.0458333 0.0666667 0.858184
0 0.686458 0.347222 0.0625 0.101852 0.874073
0 0.476562 0.2 0.034375 0.0518519 0.887953
0 0.646875 0.224074 0.0354167 0.0592593 0.893341
