0 0.514063 0.110185 0.009375 0.0203704 0.051818
0 0.611458 0.137963 0.01875 0.0314815 0.174218
0 0.504167 0.131481 0.0125 0.0296296 0.190389
0 0.253125 0.928704 0.116667 0.109259 0.253458
0 0.426042 0.198148 0.0291667 0.037037 0.260509
0 0.539583 0.128704 0.01875 0.0277778 0.45308
0 0.809375 0.291667 0.05 0.0759259 0.604822
0 0.524479 0.191667 0.028125 0.0388889 0.657302
0 0.846875 0.536111 0.10625 0.127778 0.658316
0 0.623958 0.185185 0.0291667 0.0444444 0.714329
0 0.485938 0.161111 0.028125 0.0592593 0.732653
0 0.685417 0.451852 0.0625 0.107407 0.822595
0 0.654167 0.325926 0.0479167 0.0740741 0.860372
0 0.747396 0.347222 0.0572917 0.0796296 0.866037
0 0.451042 0.248148 0.0375 0.0555556 0.909501
