0 0.0614583 0.912037 0.122917 0.131481 0.0557513
0 0.989583 0.909259 0.01875 0.107407 0.0687549
0 0.604688 0.0898148 0.015625 0.0314815 0.0716244
0 0.417708 0.17963 0.025 0.0407407 0.0937726
0 0.413021 0.280556 0.0364583 0.0537037 0.144372
0 0.321354 0.460185 0.105208 0.146296 0.205134
0 0.638542 0.0981481 0.0166667 0.0333333 0.252087
0 0.545313 0.0842593 0.0135417 0.0240741 0.272594
0 0.396354 0.222222 0.0385417 0.0592593 0.293344
0 0.508333 0.109259 0.0208333 0.0407407 0.33763
0 0.708333 0.527778 0.0875 0.166667 0.40436
0 0.528125 0.158333 0.03125 0.0537037 0.418767
0 0.388021 0.349074 0.0552083 0.116667 0.656127
0 0.490625 0.14537 0.0208333 0.0351852 0.659525
0 0.653646 0.135185 0.021875 0.037037 0.715873
0 0.609896 0.118519 0.0177083 0.0333333 0.718802
0 0.621875 0.175 0.0291667 0.0462963 0.730634
0 0.517708 0.216667 0.0354167 0.0518519 0.773942
0 0.336979 0.291667 0.040625 0.0685185 0.782808
0 0.425 0.512963 0.0895833 0.122222 0.815447
0 0.464063 0.213889 0.034375 0.0537037 0.860887
0 0.490104 0.307407 0.053125 0.0740741 0.890699
