0 0.365104 0.758333 0.151042 0.198148 0.0623998
0 0.394271 0.212963 0.0489583 0.1 0.063793
0 0.6125 0.155556 0.0291667 0.0518519 0.0983798
0 0.634375 0.210185 0.04375 0.0648148 0.127063
0 0.597917 0.087037 0.0125 0.0222222 0.163476
0 0.64375 0.124074 0.0208333 0.0259259 0.17388
0 0.971354 0.397222 0.0572917 0.087037 0.17638
0 0.540104 0.0925926 0.015625 0.0333333 0.202781
0 0.865104 0.364815 0.0697917 0.0777778 0.354521
0 0.495313 0.213889 0.0302083 0.05 0.429386
0 0.499479 0.114815 0.0177083 0.0296296 0.451106
0 0.440625 0.22037 0.04375 0.0925926 0.524321
0 0.674479 0.157407 0.0302083 0.0481481 0.745269
0 0.704167 0.507407 0.09375 0.137037 0.759766
0 0.642187 0.267593 0.0427083 0.0685185 0.7642
0 0.609375 0.141667 0.0229167 0.0388889 0.767758
0 0.626562 0.197222 0.034375 0.0574074 0.775485
0 0.226042 0.446296 0.09375 0.107407 0.782153
0 0.392188 0.214815 0.0364583 0.0555556 0.798075
0 0.730208 0.29537 0.05 0.0833333 0.811885
0 0.492708 0.271296 0.0395833 0.0611111 0.816992
0 0.299479 0.35 0.0614583 0.0777778 0.845428
0 0.333333 0.47037 0.0791667 0.114815 0.878843
0 0.372396 0.357407 0.0572917 0.0851852 0.895137
0 0.471875 0.381481 0.05625 0.0962963 0.895836
