0 0.75625 0.586111 0.04375 0.0796296 0.0667932
0 0.65625 0.12037 0.0145833 0.0259259 0.0773488
0 0.701042 0.171296 0.0291667 0.0314815 0.088366
0 0.525521 0.0796296 0.0114583 0.0222222 0.0973268
0 0.040625 0.691667 0.08125 0.138889 0.312693
0 0.402083 0.183333 0.0291667 0.0407407 0.348467
0 0.941667 0.501852 0.10625 0.140741 0.443867
0 0.388021 0.540741 0.107292 0.140741 0.462943
0 0.631771 0.142593 0.0260417 0.0407407 0.605777
0 0.741146 0.215741 0.046875 0.0611111 0.654602
0 0.631771 0.289815 0.0447917 0.0722222 0.730165
0 0.810417 0.350926 0.075 0.0759259 0.741547
0 0.585938 0.118519 0.021875 0.0444444 0.762537
0 0.455208 0.176852 0.025 0.0425926 0.781259
0 0.823438 0.52963 0.0989583 0.125926 0.785565
0 0.661458 0.207407 0.0354167 0.0555556 0.842934
0 0.404167 0.274074 0.04375 0.062963 0.864285
0 0.654688 0.425926 0.065625 0.103704 0.889889
