0 0.510938 0.116667 0.0135417 0.0333333 0.0539849
0 0.549479 0.0824074 0.0135417 0.0277778 0.0808438
0 0.713542 0.152778 0.0208333 0.0351852 0.0856997
0 0.460417 0.225926 0.0354167 0.062963 0.112822
0 0.789062 0.77037 0.130208 0.17037 0.116294
0 0.461458 0.136111 0.0229167 0.0388889 0.252669
0 0.605208 0.112037 0.0166667 0.0351852 0.298687
0 0.495313 0.152778 0.0177083 0.0351852 0.380889
0 0.297917 0.273148 0.0479167 0.0574074 0.46984
0 0.36875 0.264815 0.0395833 0.062963 0.494172
0 0.815625 0.325926 0.0604167 0.118519 0.665848
0 0.5375 0.148148 0.0229167 0.0333333 0.682556
0 0.613021 0.168519 0.0239583 0.0407407 0.703779
0 0.318229 0.337963 0.0510417 0.0759259 0.723595
0 0.447396 0.238889 0.0385417 0.062963 0.740779
0 0.668229 0.167593 0.0260417 0.0425926 0.747011
0 0.475 0.2 0.0291667 0.0481481 0.754954
0 0.411979 0.3 0.0572917 0.137037 0.755442
0 0.63125 0.207407 0.0270833 0.0444444 0.764072
0 0.495313 0.305556 0.046875 0.0666667 0.793318
0 0.519271 0.205556 0.0322917 0.0444444 0.80992
0 0.691667 0.208333 0.0375 0.0537037 0.812539
0 0.458854 0.415741 0.0614583 0.109259 0.85905
0 0.660417 0.335185 0.0583333 0.0814815 0.884194
