0 0.725521 0.208333 0.0322917 0.0574074 0.0814904
0 0.675 0.187963 0.03125 0.0537037 0.0973571
0 0.0578125 0.525 0.107292 0.146296 0.115418
0 0.554167 0.0694444 0.0125 0.0277778 0.160088
0 0.015625 0.0351852 0.03125 0.037037 0.164298
0 0.607813 0.087963 0.015625 0.0351852 0.178973
0 0.399479 0.225926 0.034375 0.0518519 0.189943
0 0.653125 0.115741 0.0208333 0.0351852 0.198985
0 0.504167 0.137963 0.0229167 0.0351852 0.283244
0 0.984375 0.899074 0.03125 0.101852 0.322083
0 0.772917 0.664815 0.0979167 0.185185 0.34111
0 0.733333 0.176852 0.03125 0.0351852 0.445508
0 0.371354 0.262963 0.0427083 0.0592593 0.566538
0 0.622396 0.118519 0.0177083 0.0333333 0.585218
0 0.549479 0.113889 0.0197917 0.0314815 0.654281
0 0.95 0.475926 0.1 0.122222 0.675211
0 0.719792 0.243519 0.0375 0.0574074 0.69417
0 0.683333 0.171296 0.0291667 0.0388889 0.713223
0 0.813021 0.262037 0.0510417 0.0759259 0.749234
0 0.659375 0.24537 0.0458333 0.0685185 0.792903
0 0.759375 0.300926 0.0583333 0.0722222 0.820777
0 0.443229 0.264815 0.0447917 0.0666667 0.839956
0 0.469792 0.411111 0.06875 0.107407 0.851268
0 0.633333 0.172222 0.0270833 0.0444444 0.865161
0 0.699479 0.419444 0.065625 0.109259 0.891952
