0 0.546875 0.0805556 0.0145833 0.0240741 0.0589277
0 0.611458 0.12963 0.01875 0.037037 0.111992
0 0.478125 0.110185 0.0145833 0.0277778 0.116538
0 0.459375 0.130556 0.0208333 0.0388889 0.204159
0 0.676042 0.183333 0.0291667 0.037037 0.22751
0 0.725521 0.183333 0.0302083 0.0407407 0.381331
0 0.716146 0.627778 0.105208 0.166667 0.454154
0 0.601042 0.0907407 0.0166667 0.0333333 0.512047
0 0.79375 0.280556 0.0520833 0.0574074 0.599845
0 0.541667 0.105556 0.0145833 0.0259259 0.603537
0 0.626562 0.161111 0.0239583 0.0407407 0.613455
0 0.628646 0.225 0.0364583 0.0574074 0.728645
0 0.910937 0.414815 0.0864583 0.1 0.732484
0 0.861458 0.562037 0.0979167 0.131481 0.753056
0 0.706771 0.250926 0.0489583 0.0685185 0.769483
0 0.785937 0.385185 0.065625 0.0962963 0.770575
0 0.645833 0.294444 0.05 0.0740741 0.776618
0 0.340625 0.301852 0.0583333 0.0925926 0.85493
0 0.464583 0.211111 0.03125 0.0518519 0.866857
0 0.705208 0.431481 0.06875 0.103704 0.880417
0 0.470833 0.34537 0.0520833 0.087037 0.905629
