0 0.539062 0.147222 0.0239583 0.0314815 0.0609673
0 0.7875 0.599074 0.04375 0.0833333 0.0707175
0 0.647396 0.12963 0.0135417 0.0296296 0.0722981
0 0.200521 0.95 0.123958 0.0925926 0.0957821
0 0.495833 0.153704 0.0229167 0.0407407 0.107309
0 0.679688 0.132407 0.0177083 0.0388889 0.146443
0 0.60625 0.111111 0.0145833 0.0259259 0.15921
0 0.541667 0.12963 0.01875 0.0296296 0.162017
0 0.725521 0.189815 0.0322917 0.0462963 0.168138
0 0.622917 0.15463 0.025 0.0388889 0.354207
0 0.515104 0.12963 0.015625 0.0333333 0.433649
0 0.392708 0.248148 0.0354167 0.0555556 0.483948
0 0.661458 0.156481 0.0229167 0.0388889 0.501926
0 0.6875 0.222222 0.0354167 0.0518519 0.536748
0 0.467187 0.22963 0.034375 0.0518519 0.53818
0 0.191146 0.507407 0.096875 0.133333 0.594396
0 0.769271 0.253704 0.0385417 0.0518519 0.617137
0 0.534896 0.162037 0.021875 0.0277778 0.657869
0 0.885938 0.402778 0.078125 0.0833333 0.725308
0 0.624479 0.194444 0.0239583 0.037037 0.749704
0 0.331771 0.338889 0.0489583 0.0666667 0.761174
0 0.811458 0.484259 0.0854167 0.12037 0.766487
0 0.741146 0.317593 0.0510417 0.0722222 0.816251
0 0.521875 0.221296 0.03125 0.05 0.816912
0 0.692708 0.436111 0.0604167 0.0981481 0.907566
0 0.334375 0.475926 0.0770833 0.103704 0.910309
