0 0.546875 0.1 0.0145833 0.0259259 0.0696387
0 0.604167 0.127778 0.0145833 0.0296296 0.0743045
0 0.476562 0.123148 0.0135417 0.0277778 0.101011
0 0.0239583 0.0462963 0.04375 0.037037 0.118762
0 0.0859375 0.653704 0.115625 0.148148 0.197869
0 0.510938 0.132407 0.015625 0.0277778 0.218441
0 0.0557292 0.530556 0.111458 0.131481 0.283204
0 0.390104 0.711111 0.113542 0.218519 0.326823
0 0.660417 0.147222 0.0229167 0.0351852 0.331196
0 0.922917 0.453704 0.09375 0.1 0.38552
0 0.461458 0.143519 0.01875 0.0388889 0.519618
0 0.71875 0.527778 0.0875 0.162963 0.570046
0 0.615625 0.151852 0.0208333 0.037037 0.614002
0 0.744792 0.202778 0.03125 0.05 0.658443
0 0.429688 0.175926 0.0322917 0.0518519 0.6738
0 0.494271 0.151852 0.0197917 0.0407407 0.735393
0 0.467187 0.209259 0.0302083 0.0444444 0.7886
0 0.249479 0.414815 0.071875 0.0962963 0.791554
0 0.703125 0.217593 0.03125 0.0537037 0.834448
0 0.751562 0.346296 0.0697917 0.107407 0.847458
0 0.632812 0.215741 0.034375 0.0574074 0.866552
0 0.521354 0.218519 0.0364583 0.0555556 0.880555
0 0.423438 0.305556 0.0447917 0.0666667 0.881421
0 0.673437 0.349074 0.0572917 0.0944444 0.893153
0 0.361458 0.40463 0.0708333 0.101852 0.895011
0 0.476042 0.35 0.0541667 0.0925926 0.90918
