0 0.594792 0.0638889 0.0125 0.0240741 0.0507728
0 0.78125 0.185185 0.0291667 0.0407407 0.055904
0 0.524479 0.0703704 0.0114583 0.0222222 0.0567309
0 0.477083 0.103704 0.0166667 0.0296296 0.0589371
0 0.407292 0.205556 0.0270833 0.037037 0.0757341
0 0.823438 0.867593 0.128125 0.164815 0.133858
0 0.0604167 0.650926 0.120833 0.15 0.135173
0 0.760938 0.147222 0.0302083 0.0425926 0.160284
0 0.690625 0.212037 0.0395833 0.0574074 0.19194
0 0.545833 0.0814815 0.0166667 0.0259259 0.244413
0 0.948958 0.731481 0.102083 0.151852 0.275927
0 0.708333 0.155556 0.025 0.0444444 0.344193
0 0.409896 0.20463 0.040625 0.0685185 0.399993
0 0.605729 0.106481 0.0197917 0.0388889 0.497829
0 0.493229 0.151852 0.021875 0.037037 0.685414
0 0.686458 0.190741 0.0291667 0.0481481 0.686076
0 0.620833 0.163889 0.025 0.0425926 0.725038
0 0.770833 0.255556 0.0416667 0.0592593 0.745672
0 0.910937 0.437037 0.0822917 0.1 0.752608
0 0.685417 0.472222 0.06875 0.111111 0.775244
0 0.771354 0.393519 0.0760417 0.101852 0.796348
0 0.705729 0.241667 0.0385417 0.0574074 0.811955
0 0.640104 0.219444 0.0364583 0.0537037 0.816014
0 0.657812 0.32963 0.0510417 0.0851852 0.867925
0 0.505729 0.218519 0.034375 0.0555556 0.893992
