0 0.536458 0.137963 0.0229167 0.0314815 0.051019
0 0.515625 0.10463 0.0166667 0.0277778 0.0524815
0 0.355729 0.213889 0.0364583 0.0462963 0.0927977
0 0.549479 0.0777778 0.009375 0.0148148 0.159688
0 0.634896 0.22963 0.0427083 0.062963 0.27228
0 0.504687 0.130556 0.015625 0.0240741 0.309521
0 0.898438 0.405556 0.0802083 0.0851852 0.310803
0 0.29375 0.285185 0.0541667 0.0555556 0.45648
0 0.488542 0.164815 0.01875 0.037037 0.473298
0 0.738542 0.186111 0.0291667 0.0462963 0.496029
0 0.515625 0.228704 0.0333333 0.0537037 0.511407
0 0.403125 0.215741 0.0354167 0.05 0.562639
0 0.540625 0.125 0.0208333 0.0314815 0.634187
0 0.454167 0.221296 0.0479167 0.101852 0.736403
0 0.375 0.265741 0.0375 0.0574074 0.752893
0 0.959375 0.513889 0.08125 0.112963 0.806828
0 0.644271 0.263889 0.040625 0.0574074 0.819608
0 0.624479 0.209259 0.0322917 0.0481481 0.82526
0 0.609375 0.130556 0.0208333 0.0388889 0.832914
0 0.53125 0.165741 0.025 0.0388889 0.84095
0 0.699479 0.506481 0.0864583 0.12037 0.853146
0 0.497396 0.287037 0.040625 0.0666667 0.862498
0 0.686458 0.207407 0.0354167 0.0481481 0.866586
0 0.720312 0.273148 0.0510417 0.0648148 0.870651
0 0.359896 0.437037 0.0760417 0.103704 0.883892
