0 0.653646 0.112963 0.0197917 0.0259259 0.0636017
0 0.3 0.478704 0.129167 0.17963 0.0643243
0 0.602604 0.1 0.015625 0.0296296 0.0703981
0 0.541667 0.0944444 0.0166667 0.0222222 0.138922
0 0.610937 0.125926 0.021875 0.0333333 0.203645
0 0.895312 0.636111 0.115625 0.138889 0.222061
0 0.379167 0.67963 0.102083 0.140741 0.285239
0 0.79375 0.92037 0.0875 0.107407 0.290375
0 0.499479 0.118519 0.0260417 0.0444444 0.426378
0 0.346354 0.292593 0.0510417 0.0555556 0.550548
0 0.535417 0.131481 0.0229167 0.037037 0.618117
0 0.678646 0.176852 0.0302083 0.0425926 0.636749
0 0.202083 0.462963 0.0958333 0.118519 0.715951
0 0.621354 0.159259 0.0260417 0.0444444 0.726325
0 0.955208 0.474074 0.0895833 0.107407 0.762467
0 0.7 0.518519 0.08125 0.118519 0.810636
0 0.479167 0.167593 0.0270833 0.0425926 0.816146
0 0.434896 0.424074 0.0614583 0.114815 0.86691
0 0.641667 0.238889 0.04375 0.0703704 0.9058
