0 0.0302083 0.0462963 0.0479167 0.0444444 0.0702393
0 0.00833333 0.0333333 0.0166667 0.062963 0.0908241
0 0.702604 0.136111 0.0197917 0.0277778 0.129113
0 0.858333 0.551852 0.114583 0.151852 0.190049
0 0.547917 0.087963 0.0104167 0.0203704 0.210368
0 0.602604 0.1 0.0197917 0.0296296 0.232131
0 0.474479 0.125926 0.0177083 0.0333333 0.272804
0 0.733854 0.171296 0.0322917 0.0425926 0.347725
0 0.658333 0.14537 0.0208333 0.0388889 0.348614
0 0.505729 0.126852 0.015625 0.0314815 0.391603
0 0.607813 0.144444 0.0197917 0.0407407 0.433214
0 0.784896 0.247222 0.0385417 0.0574074 0.544573
0 0.366667 0.386111 0.0875 0.168519 0.550631
0 0.451042 0.147222 0.0270833 0.05 0.638009
0 0.405208 0.599074 0.09375 0.168519 0.644173
0 0.488021 0.169444 0.0239583 0.0425926 0.667008
0 0.234896 0.337963 0.0614583 0.0833333 0.680399
0 0.623438 0.17963 0.0260417 0.0407407 0.76092
0 0.755208 0.281481 0.0416667 0.0592593 0.773951
0 0.720312 0.524074 0.0927083 0.125926 0.778465
0 0.678646 0.177778 0.0302083 0.0444444 0.779567
0 0.458854 0.232407 0.034375 0.0537037 0.790012
0 0.335417 0.30463 0.0520833 0.0722222 0.805491
0 0.506771 0.248148 0.0364583 0.0592593 0.811448
0 0.645312 0.273148 0.046875 0.0685185 0.818512
0 0.533333 0.168519 0.0270833 0.0407407 0.833123
0 0.255729 0.42037 0.071875 0.0962963 0.868341
0 0.422917 0.283333 0.0458333 0.0703704 0.88223
0 0.469792 0.39537 0.0583333 0.0944444 0.886913
