0 0.298438 0.907407 0.119792 0.148148 0.12696
0 0.639063 0.121296 0.0135417 0.0314815 0.180764
0 0.540104 0.0972222 0.0177083 0.0388889 0.201837
0 0.628646 0.225 0.034375 0.0722222 0.2357
0 0.596354 0.0842593 0.0114583 0.0240741 0.400787
0 0.161458 0.530556 0.110417 0.153704 0.411142
0 0.669271 0.147222 0.0260417 0.0425926 0.563659
0 0.497396 0.122222 0.0197917 0.0259259 0.58802
0 0.376042 0.237037 0.0375 0.0592593 0.613255
0 0.285937 0.57037 0.103125 0.162963 0.682914
0 0.607813 0.133333 0.021875 0.037037 0.68762
0 0.831771 0.322222 0.0572917 0.0703704 0.723572
0 0.428125 0.246296 0.0479167 0.114815 0.739299
0 0.490625 0.239815 0.0375 0.0574074 0.790138
0 0.259375 0.4 0.0729167 0.0962963 0.797659
0 0.639583 0.244444 0.0395833 0.0703704 0.824897
0 0.623958 0.181481 0.03125 0.0481481 0.840889
0 0.685938 0.435185 0.071875 0.118519 0.859438
0 0.71875 0.268519 0.04375 0.0740741 0.870348
0 0.45625 0.446296 0.06875 0.107407 0.884244
0 0.483333 0.306481 0.0458333 0.0648148 0.891964
0 0.345313 0.417593 0.0697917 0.101852 0.905943
