0 0.515104 0.135185 0.0260417 0.0481481 0.054843
0 0.719271 0.193519 0.0260417 0.0314815 0.0569094
0 0.3375 0.287963 0.0333333 0.0425926 0.0678079
0 0.735417 0.842593 0.133333 0.148148 0.0973811
0 0.627083 0.113889 0.01875 0.0314815 0.109577
0 0.529167 0.0814815 0.0145833 0.0296296 0.122329
0 0.673958 0.122222 0.0229167 0.0259259 0.134887
0 0.719271 0.192593 0.0364583 0.0555556 0.221095
0 0.451562 0.118519 0.0239583 0.0481481 0.224175
0 0.619271 0.211111 0.0364583 0.062963 0.29522
0 0.335938 0.286111 0.053125 0.0574074 0.354805
0 0.588021 0.0925926 0.015625 0.0333333 0.358246
0 0.406771 0.182407 0.0302083 0.05 0.399537
0 0.473437 0.155556 0.0239583 0.0444444 0.417051
0 0.449479 0.199074 0.0322917 0.05 0.462736
0 0.617188 0.188889 0.0260417 0.037037 0.559147
0 0.665104 0.183333 0.0302083 0.0407407 0.627739
0 0.805729 0.261111 0.046875 0.062963 0.640729
0 0.599479 0.141667 0.028125 0.05 0.65298
0 0.516146 0.151852 0.028125 0.0444444 0.699337
0 0.627083 0.244444 0.0395833 0.0703704 0.784466
0 0.494792 0.22963 0.0333333 0.0555556 0.811722
0 0.425521 0.239815 0.040625 0.0648148 0.838203
0 0.742188 0.352778 0.059375 0.087037 0.869391
