0 0.477083 0.113889 0.0208333 0.0351852 0.10708
0 0.936979 0.759259 0.126042 0.17037 0.140576
0 0.602604 0.0962963 0.0177083 0.037037 0.188483
0 0.51875 0.0888889 0.0125 0.0222222 0.26158
0 0.747917 0.664815 0.09375 0.2 0.338401
0 0.614062 0.133333 0.0197917 0.0333333 0.508686
0 0.1875 0.513889 0.108333 0.124074 0.545531
0 0.670833 0.164815 0.0291667 0.0407407 0.622199
0 0.858854 0.362963 0.078125 0.0814815 0.704062
0 0.532812 0.113889 0.0197917 0.0314815 0.737101
0 0.672396 0.391667 0.059375 0.105556 0.814265
0 0.815625 0.452778 0.0708333 0.0944444 0.823211
0 0.446875 0.252778 0.0375 0.0574074 0.836448
0 0.630208 0.192593 0.0354167 0.0666667 0.887659
0 0.503646 0.259259 0.040625 0.062963 0.911048
