0 0.719792 0.169444 0.03125 0.0462963 0.0569373
0 0.441667 0.15463 0.0208333 0.0388889 0.0600772
0 0.541667 0.0981481 0.0166667 0.0259259 0.0748574
0 0.553125 0.0546296 0.00833333 0.0203704 0.0881904
0 0.795313 0.262963 0.0572917 0.0481481 0.10267
0 0.752604 0.137963 0.021875 0.0351852 0.118617
0 0.653125 0.116667 0.0166667 0.037037 0.124518
0 0.298438 0.911111 0.128125 0.137037 0.146393
0 0.517187 0.194444 0.0322917 0.0666667 0.16503
0 0.488021 0.087037 0.0135417 0.0296296 0.267172
0 0.936979 0.437037 0.107292 0.12963 0.345861
0 0.614583 0.106481 0.0166667 0.0388889 0.43214
0 0.541667 0.0833333 0.0125 0.0222222 0.581378
0 0.843229 0.488889 0.105208 0.12963 0.655999
0 0.492708 0.132407 0.0208333 0.0351852 0.668323
0 0.3875 0.249074 0.0375 0.0537037 0.689239
0 0.525521 0.162037 0.0239583 0.0388889 0.762036
0 0.5125 0.224074 0.0354167 0.0592593 0.798126
0 0.539583 0.116667 0.0208333 0.037037 0.810542
0 0.510417 0.106481 0.0166667 0.0314815 0.822808
0 0.449479 0.221296 0.0385417 0.0611111 0.824467
0 0.642187 0.242593 0.046875 0.0666667 0.846191
0 0.701563 0.469444 0.078125 0.112963 0.869595
