0 0.979688 0.928704 0.040625 0.112963 0.0670237
0 0.471875 0.114815 0.0145833 0.0333333 0.0699495
0 0.809896 0.851852 0.146875 0.185185 0.0819871
0 0.727604 0.180556 0.0322917 0.0462963 0.0859907
0 0.391146 0.228704 0.028125 0.0351852 0.0861873
0 0.771354 0.259259 0.0802083 0.0703704 0.0938165
0 0.471354 0.186111 0.0260417 0.0388889 0.139311
0 0.390625 0.228704 0.0375 0.0574074 0.142262
0 0.551562 0.0722222 0.009375 0.0185185 0.198712
0 0.774479 0.244444 0.0510417 0.0592593 0.437236
0 0.60625 0.087963 0.0145833 0.0314815 0.535362
0 0.861458 0.37037 0.0770833 0.0851852 0.690598
0 0.733854 0.289815 0.053125 0.087037 0.759782
0 0.493229 0.142593 0.0239583 0.0407407 0.760447
0 0.536979 0.105556 0.0177083 0.0296296 0.78437
0 0.280208 0.431481 0.075 0.103704 0.79691
0 0.503125 0.25463 0.04375 0.0648148 0.832352
0 0.624479 0.175926 0.0322917 0.0518519 0.84012
0 0.526563 0.165741 0.028125 0.05 0.843823
0 0.461979 0.393519 0.059375 0.127778 0.84815
0 0.384896 0.349074 0.0572917 0.0981481 0.898297
0 0.655208 0.275 0.0479167 0.0685185 0.906457
