0 0.442708 0.155556 0.0229167 0.0444444 0.0569091
0 0.632292 0.0935185 0.0145833 0.0388889 0.0643222
0 0.507812 0.107407 0.0135417 0.0296296 0.155538
0 0.5375 0.109259 0.0229167 0.0444444 0.233642
0 0.464063 0.212037 0.0302083 0.05 0.243161
0 0.6125 0.119444 0.025 0.0425926 0.29325
0 0.49375 0.144444 0.0208333 0.037037 0.458352
0 0.653646 0.136111 0.0239583 0.0351852 0.488783
0 0.53125 0.147222 0.0208333 0.0314815 0.565207
0 0.431771 0.251852 0.0510417 0.0851852 0.657724
0 0.314063 0.346296 0.059375 0.0814815 0.709385
0 0.29375 0.576852 0.0979167 0.157407 0.718665
0 0.179167 0.524074 0.0979167 0.148148 0.734521
0 0.61875 0.160185 0.025 0.0351852 0.746022
0 0.499479 0.264815 0.040625 0.062963 0.756117
0 0.521875 0.190741 0.03125 0.0444444 0.82679
0 0.646875 0.277778 0.0458333 0.0703704 0.862543
0 0.688021 0.199074 0.034375 0.0537037 0.869248
0 0.371354 0.366667 0.0697917 0.0962963 0.896349
