0 0.503646 0.123148 0.0197917 0.0462963 0.0709755
0 0.046875 0.730556 0.09375 0.164815 0.0745246
0 0.640625 0.0888889 0.0125 0.0296296 0.0766315
0 0.656771 0.111111 0.0197917 0.0259259 0.119935
0 0.970312 0.828704 0.059375 0.153704 0.130128
0 0.614583 0.0990741 0.0208333 0.0388889 0.233193
0 0.694792 0.115741 0.0208333 0.0425926 0.240238
0 0.29375 0.265741 0.05 0.0462963 0.274055
0 0.640625 0.209259 0.03125 0.062963 0.27796
0 0.508854 0.101852 0.015625 0.037037 0.300812
0 0.721875 0.159259 0.0291667 0.0333333 0.332515
0 0.447917 0.146296 0.0229167 0.037037 0.392604
0 0.769792 0.217593 0.0395833 0.0574074 0.404268
0 0.857292 0.512963 0.0895833 0.137037 0.52115
0 0.503125 0.140741 0.0229167 0.037037 0.610721
0 0.640104 0.237037 0.0364583 0.0518519 0.717156
0 0.628646 0.14537 0.0239583 0.0388889 0.72087
0 0.644271 0.190741 0.0302083 0.0481481 0.751535
0 0.5375 0.15 0.025 0.0407407 0.761871
0 0.747917 0.293519 0.05 0.0722222 0.787072
0 0.480729 0.171296 0.028125 0.0388889 0.787551
0 0.358854 0.27963 0.0510417 0.0666667 0.79569
0 0.960417 0.490741 0.0791667 0.114815 0.822779
0 0.439583 0.253704 0.0416667 0.062963 0.82854
0 0.661979 0.307407 0.0510417 0.0703704 0.8582
0 0.545833 0.0981481 0.0208333 0.037037 0.868186
0 0.706771 0.219444 0.0364583 0.0537037 0.870469
0 0.375521 0.392593 0.0677083 0.0925926 0.870892
0 0.484375 0.343519 0.05 0.0907407 0.877134
0 0.7 0.421296 0.0625 0.109259 0.894569
