0 0.638021 0.148148 0.0364583 0.0444444 0.0515405
0 0.651563 0.118519 0.0177083 0.0407407 0.0523742
0 0.260938 0.386111 0.078125 0.0833333 0.0742992
0 0.602083 0.0722222 0.0104167 0.0222222 0.0978069
0 0.771354 0.234259 0.0427083 0.05 0.098813
0 0.620833 0.0657407 0.0104167 0.0240741 0.103473
0 0.694271 0.128704 0.021875 0.0351852 0.1283
0 0.0911458 0.609259 0.107292 0.144444 0.130582
0 0.519271 0.0805556 0.0135417 0.0240741 0.139788
0 0.542708 0.0851852 0.0145833 0.0296296 0.164026
0 0.732292 0.169444 0.0291667 0.0462963 0.371748
0 0.480729 0.155556 0.028125 0.0407407 0.434931
0 0.949479 0.472222 0.0989583 0.103704 0.500887
0 0.669792 0.148148 0.025 0.0444444 0.530574
0 0.627083 0.144444 0.0229167 0.0407407 0.73535
0 0.528125 0.143519 0.025 0.0462963 0.737942
0 0.679688 0.383333 0.0739583 0.111111 0.85088
0 0.466146 0.368519 0.0635417 0.1 0.853761
