0 0.781771 0.569444 0.0510417 0.0796296 0.0518878
0 0.298958 0.256481 0.0541667 0.0537037 0.0626092
0 0.467708 0.109259 0.0166667 0.0296296 0.154498
0 0.903646 0.394444 0.0635417 0.0851852 0.162532
0 0.647917 0.117593 0.01875 0.0351852 0.1946
0 0.497396 0.0712963 0.0114583 0.0314815 0.197819
0 0.667188 0.143519 0.0239583 0.0425926 0.202477
0 0.773958 0.230556 0.0395833 0.05 0.525093
0 0.613021 0.132407 0.0239583 0.0462963 0.656249
0 0.542708 0.0694444 0.0145833 0.0240741 0.683908
0 0.397917 0.207407 0.0333333 0.0518519 0.694203
0 0.74375 0.187037 0.03125 0.0444444 0.69951
0 0.493229 0.137963 0.0197917 0.0314815 0.701302
0 0.348958 0.268519 0.0541667 0.0851852 0.740838
0 0.689062 0.387037 0.0739583 0.12963 0.766176
0 0.735937 0.29537 0.0552083 0.0759259 0.781227
0 0.633333 0.206481 0.0375 0.0537037 0.814353
0 0.684896 0.186111 0.0322917 0.0611111 0.830536
0 0.534375 0.12963 0.0208333 0.037037 0.838242
0 0.426562 0.246296 0.0447917 0.0925926 0.841252
0 0.477604 0.351852 0.0552083 0.0925926 0.913927
