0 0.163021 0.399074 0.0822917 0.0907407 0.0855613
0 0.702083 0.130556 0.0229167 0.0351852 0.111851
0 0.633333 0.162037 0.0229167 0.0351852 0.163633
0 0.219792 0.699074 0.127083 0.164815 0.191279
0 0.520833 0.0796296 0.01875 0.0296296 0.19228
0 0.734896 0.17037 0.0322917 0.0296296 0.21176
0 0.621354 0.117593 0.0197917 0.0351852 0.231081
0 0.403646 0.641667 0.115625 0.216667 0.321233
0 0.630208 0.186111 0.0270833 0.0462963 0.345846
0 0.423438 0.181481 0.0302083 0.0407407 0.484151
0 0.633854 0.149074 0.0260417 0.0388889 0.528958
0 0.866667 0.332407 0.0645833 0.0759259 0.560369
0 0.684896 0.173148 0.028125 0.0388889 0.601813
0 0.705729 0.47963 0.0947917 0.151852 0.707552
0 0.498958 0.125 0.025 0.0425926 0.743301
0 0.669792 0.3 0.05 0.0740741 0.749104
0 0.850521 0.480556 0.096875 0.12037 0.755204
0 0.773958 0.352778 0.0625 0.0981481 0.761012
0 0.715625 0.225926 0.0375 0.0555556 0.811693
0 0.5375 0.124074 0.025 0.0444444 0.829515
0 0.483333 0.177778 0.03125 0.0481481 0.843467
0 0.643229 0.237037 0.0364583 0.0555556 0.84562
0 0.451562 0.231481 0.0385417 0.0592593 0.853545
0 0.520833 0.202778 0.0354167 0.05 0.858522
0 0.279167 0.392593 0.0729167 0.0888889 0.859458
0 0.382292 0.371296 0.0625 0.0981481 0.8956
