0 0.613021 0.110185 0.0114583 0.0240741 0.065843
0 0.941146 0.786111 0.117708 0.146296 0.136578
0 0.697917 0.155556 0.0166667 0.0296296 0.149195
0 0.796875 0.212963 0.0333333 0.0444444 0.161067
0 0.528646 0.110185 0.0135417 0.0277778 0.216562
0 0.557292 0.0972222 0.0104167 0.0203704 0.299991
0 0.741146 0.208333 0.0322917 0.0425926 0.385094
0 0.282292 0.580556 0.08125 0.172222 0.426908
0 0.652083 0.146296 0.025 0.0407407 0.439771
0 0.173438 0.42963 0.084375 0.1 0.439853
0 0.0223958 0.792593 0.0447917 0.118519 0.52737
0 0.507812 0.156481 0.021875 0.0351852 0.691725
0 0.619271 0.176852 0.0260417 0.0462963 0.74553
0 0.898958 0.42963 0.08125 0.0851852 0.804979
0 0.480208 0.224074 0.0333333 0.0555556 0.813583
0 0.428646 0.547222 0.090625 0.131481 0.815844
0 0.542188 0.175926 0.0239583 0.0407407 0.845731
0 0.715104 0.262037 0.040625 0.0574074 0.855729
0 0.467187 0.335185 0.0552083 0.103704 0.861735
0 0.686458 0.461111 0.0708333 0.103704 0.87688
0 0.650521 0.250926 0.034375 0.0537037 0.880773
0 0.782292 0.406481 0.0708333 0.0907407 0.8907
