0 0.789583 0.757407 0.152083 0.203704 0.0738003
0 0.708333 0.167593 0.0208333 0.0388889 0.0881586
0 0.6125 0.109259 0.0125 0.0259259 0.159858
0 0.660937 0.147222 0.0239583 0.0351852 0.178191
0 0.243229 0.694444 0.117708 0.162963 0.204272
0 0.916146 0.62963 0.115625 0.148148 0.2583
0 0.647396 0.202778 0.028125 0.0388889 0.287304
0 0.748958 0.203704 0.0354167 0.0518519 0.291603
0 0.507812 0.133333 0.0177083 0.0296296 0.443887
0 0.619792 0.166667 0.025 0.0444444 0.446807
0 0.436979 0.187963 0.0302083 0.0462963 0.529584
0 0.701042 0.224074 0.0354167 0.0518519 0.569607
0 0.394271 0.226852 0.0364583 0.0574074 0.572804
0 0.833333 0.326852 0.0645833 0.101852 0.697767
0 0.725 0.517593 0.0770833 0.116667 0.736226
0 0.538542 0.131481 0.0229167 0.0407407 0.767186
0 0.529688 0.183333 0.0260417 0.0407407 0.771383
0 0.634896 0.247222 0.0385417 0.0611111 0.789133
0 0.775 0.378704 0.06875 0.087037 0.79577
0 0.668229 0.335185 0.0552083 0.0814815 0.900799
