0 0.773958 0.592593 0.0479167 0.0814815 0.0503589
0 0.204688 0.780556 0.165625 0.190741 0.0608577
0 0.636979 0.128704 0.0135417 0.0277778 0.0671442
0 0.784896 0.276852 0.0552083 0.0907407 0.0685472
0 0.616667 0.217593 0.0354167 0.0574074 0.0700276
0 0.80625 0.931481 0.075 0.137037 0.100177
0 0.332292 0.236111 0.0416667 0.0648148 0.102081
0 0.817187 0.932407 0.0697917 0.0611111 0.222911
0 0.164062 0.512037 0.111458 0.164815 0.231638
0 0.81875 0.943519 0.120833 0.0907407 0.234139
0 0.786979 0.27963 0.053125 0.0444444 0.240683
0 0.598437 0.119444 0.0177083 0.0351852 0.270706
0 0.483333 0.158333 0.0270833 0.0425926 0.438632
0 0.530208 0.143519 0.0208333 0.0351852 0.564728
0 0.515625 0.17963 0.025 0.0407407 0.684103
0 0.606771 0.177778 0.0239583 0.0407407 0.735544
0 0.630208 0.242593 0.0375 0.0555556 0.763371
0 0.429688 0.569444 0.096875 0.146296 0.789714
0 0.808333 0.496296 0.08125 0.103704 0.836345
0 0.336979 0.459259 0.0760417 0.107407 0.851467
0 0.428646 0.266667 0.0427083 0.062963 0.855097
0 0.463542 0.346296 0.0479167 0.0851852 0.888277
