0 0.817187 0.925 0.126042 0.116667 0.0994103
0 0.527604 0.182407 0.0197917 0.0388889 0.144179
0 0.428646 0.184259 0.0260417 0.0351852 0.199449
0 0.775521 0.238889 0.040625 0.0592593 0.200043
0 0.408854 0.219444 0.0302083 0.0351852 0.303274
0 0.54375 0.111111 0.0145833 0.0259259 0.353561
0 0.616667 0.160185 0.025 0.0388889 0.658408
0 0.515625 0.217593 0.03125 0.0537037 0.710162
0 0.476042 0.181481 0.0354167 0.0666667 0.733236
0 0.538021 0.141667 0.0177083 0.0277778 0.733784
0 0.772396 0.387037 0.0802083 0.0962963 0.764705
0 0.716667 0.273148 0.0458333 0.0611111 0.834921
0 0.639583 0.267593 0.0395833 0.0611111 0.865308
0 0.664583 0.353704 0.0541667 0.0814815 0.882837
0 0.425521 0.29537 0.0447917 0.0648148 0.888981
