0 0.550521 0.05 0.00729167 0.0148148 0.0982702
0 0.614062 0.0981481 0.0135417 0.0296296 0.101826
0 0.760938 0.213889 0.040625 0.05 0.195136
0 0.51875 0.0888889 0.0145833 0.0259259 0.257405
0 0.672917 0.169444 0.0270833 0.0388889 0.296645
0 0.633333 0.212037 0.0375 0.0574074 0.449508
0 0.547396 0.0805556 0.0135417 0.0240741 0.475171
0 0.625 0.163889 0.0270833 0.0425926 0.594044
0 0.494792 0.121296 0.0229167 0.0388889 0.641188
0 0.725521 0.558333 0.0947917 0.131481 0.710788
0 0.836979 0.463889 0.103125 0.131481 0.712255
0 0.644792 0.280556 0.05625 0.0907407 0.717939
0 0.279167 0.366667 0.0604167 0.114815 0.718362
0 0.758854 0.29537 0.053125 0.0796296 0.782092
0 0.940104 0.444444 0.0947917 0.0962963 0.785988
0 0.459896 0.337963 0.0552083 0.0944444 0.800542
0 0.694271 0.214815 0.0364583 0.0518519 0.86491
0 0.532812 0.151852 0.028125 0.0407407 0.871091
