0 0.557813 0.0805556 0.009375 0.0166667 0.0536432
0 0.896875 0.305556 0.05625 0.0444444 0.0631377
0 0.709896 0.164815 0.0197917 0.037037 0.0902953
0 0.344792 0.756481 0.1375 0.146296 0.108135
0 0.311979 0.288889 0.0552083 0.0555556 0.117125
0 0.234896 0.72037 0.130208 0.174074 0.128261
0 0.959896 0.864815 0.0802083 0.144444 0.214959
0 0.308854 0.361111 0.0614583 0.0740741 0.254404
0 0.736458 0.198148 0.0291667 0.0444444 0.365305
0 0.619271 0.131481 0.015625 0.0296296 0.366272
0 0.516667 0.156481 0.0208333 0.0351852 0.377275
0 0.677604 0.196296 0.028125 0.0407407 0.514147
0 0.623438 0.17963 0.0260417 0.0444444 0.516928
0 0.813021 0.293519 0.053125 0.0574074 0.614492
0 0.508854 0.213889 0.0364583 0.0611111 0.729507
0 0.50625 0.280556 0.0416667 0.0722222 0.780962
0 0.818229 0.459259 0.084375 0.111111 0.801429
0 0.551042 0.128704 0.0166667 0.0277778 0.813238
0 0.432813 0.289815 0.040625 0.0796296 0.81762
0 0.484896 0.378704 0.053125 0.087037 0.849334
0 0.636458 0.241667 0.0375 0.0648148 0.85329
0 0.319792 0.52963 0.0875 0.125926 0.854334
0 0.684896 0.406481 0.059375 0.0944444 0.854495
