0 0.707812 0.153704 0.0239583 0.037037 0.152103
0 0.819792 0.250926 0.0541667 0.0537037 0.169069
0 0.266667 0.297222 0.0541667 0.0648148 0.176549
0 0.604688 0.102778 0.015625 0.0240741 0.180234
0 0.329167 0.235185 0.0375 0.062963 0.269314
0 0.442187 0.15 0.021875 0.0407407 0.445853
0 0.472396 0.171296 0.0364583 0.0685185 0.52154
0 0.644792 0.12037 0.025 0.0481481 0.559161
0 0.619792 0.153704 0.0333333 0.0518519 0.608798
0 0.531771 0.143519 0.0197917 0.0314815 0.726194
0 0.388021 0.237963 0.0364583 0.05 0.726568
0 0.328646 0.309259 0.0489583 0.0925926 0.729435
0 0.417188 0.314815 0.0489583 0.0777778 0.774745
0 0.628646 0.218519 0.0364583 0.0518519 0.802585
0 0.339063 0.442593 0.065625 0.118519 0.803814
0 0.522396 0.186111 0.028125 0.0388889 0.823475
0 0.442708 0.232407 0.0395833 0.0648148 0.842462
0 0.733854 0.291667 0.0489583 0.0685185 0.845794
0 0.684896 0.463889 0.0760417 0.109259 0.877071
0 0.676042 0.178704 0.0354167 0.0611111 0.892055
