0 0.991667 0.433333 0.0145833 0.0407407 0.0587587
0 0.122396 0.599074 0.111458 0.146296 0.059935
0 0.708333 0.150926 0.01875 0.0314815 0.073737
0 0.99375 0.432407 0.0125 0.0759259 0.0749688
0 0.793229 0.590741 0.0510417 0.0888889 0.0800798
0 0.755208 0.760185 0.1375 0.183333 0.0914158
0 0.685938 0.164815 0.021875 0.037037 0.17879
0 0.556771 0.0787037 0.009375 0.0166667 0.19038
0 0.394271 0.658333 0.111458 0.15 0.223883
0 0.273438 0.619444 0.107292 0.235185 0.302262
0 0.613542 0.12037 0.0166667 0.0333333 0.468348
0 0.803646 0.276852 0.046875 0.0574074 0.623944
0 0.480208 0.203704 0.0333333 0.0555556 0.63053
0 0.541146 0.162037 0.021875 0.0351852 0.651454
0 0.335938 0.337963 0.0572917 0.0759259 0.713277
0 0.503646 0.140741 0.0177083 0.0407407 0.727591
0 0.913542 0.407407 0.0791667 0.0814815 0.747811
0 0.748438 0.19537 0.0302083 0.0462963 0.757273
0 0.693229 0.211111 0.0364583 0.0518519 0.759219
0 0.438021 0.25463 0.0510417 0.116667 0.791693
0 0.365625 0.426852 0.0708333 0.105556 0.797806
0 0.519271 0.207407 0.0302083 0.0518519 0.803076
0 0.640104 0.196296 0.0302083 0.0444444 0.82707
0 0.804688 0.431481 0.071875 0.0925926 0.844484
0 0.668229 0.344444 0.0489583 0.0962963 0.881881
0 0.765104 0.335185 0.0572917 0.0777778 0.888308
0 0.496354 0.29537 0.046875 0.0759259 0.910774
