0 0.604688 0.109259 0.015625 0.0333333 0.0540285
0 0.692708 0.130556 0.0208333 0.0425926 0.06193
0 0.460417 0.143519 0.0166667 0.0351852 0.103539
0 0.124479 0.575 0.123958 0.161111 0.129847
0 0.505729 0.12963 0.0197917 0.0333333 0.163909
0 0.417188 0.203704 0.0322917 0.062963 0.190715
0 0.640104 0.218519 0.0322917 0.0444444 0.25329
0 0.991146 0.606481 0.015625 0.0907407 0.311056
0 0.444271 0.175 0.021875 0.0351852 0.392933
0 0.542188 0.124074 0.0177083 0.0296296 0.393967
0 0.819792 0.510185 0.0958333 0.138889 0.478102
0 0.785417 0.197222 0.0395833 0.05 0.488341
0 0.616146 0.146296 0.021875 0.0333333 0.522011
0 0.646875 0.166667 0.0229167 0.0407407 0.573086
0 0.653125 0.261111 0.0395833 0.062963 0.576463
0 0.709896 0.249074 0.040625 0.0574074 0.622938
0 0.791667 0.257407 0.0395833 0.0518519 0.641869
0 0.724479 0.186111 0.028125 0.0462963 0.695121
0 0.466146 0.212037 0.0322917 0.0462963 0.713144
0 0.678125 0.191667 0.0291667 0.0462963 0.72483
0 0.824479 0.313889 0.0572917 0.0722222 0.768612
0 0.663542 0.361111 0.0604167 0.0925926 0.837272
0 0.311458 0.423148 0.0708333 0.101852 0.857069
0 0.497396 0.246296 0.0364583 0.0703704 0.859096
0 0.464063 0.425926 0.065625 0.111111 0.863506
