0 0.832812 0.958333 0.128125 0.0759259 0.0503643
0 0.353646 0.213889 0.0385417 0.0574074 0.0544182
0 0.834375 0.95463 0.0645833 0.0574074 0.0602175
0 0.55 0.0935185 0.0166667 0.0277778 0.0670961
0 0.654167 0.12963 0.0166667 0.0333333 0.0755662
0 0.520312 0.0972222 0.015625 0.0277778 0.0958293
0 0.608333 0.1 0.0166667 0.0259259 0.117445
0 0.640625 0.175926 0.01875 0.037037 0.121944
0 0.685938 0.194444 0.0302083 0.0407407 0.175643
0 0.466146 0.141667 0.0197917 0.0351852 0.24739
0 0.615625 0.15 0.0229167 0.0407407 0.253394
0 0.960417 0.366667 0.0791667 0.103704 0.264157
0 0.729167 0.176852 0.0291667 0.0462963 0.591083
0 0.41875 0.219444 0.0333333 0.0462963 0.717287
0 0.723958 0.514815 0.0895833 0.114815 0.717866
0 0.794792 0.275 0.0520833 0.0759259 0.721892
0 0.951563 0.468519 0.0947917 0.107407 0.744568
0 0.627083 0.211111 0.0333333 0.0481481 0.770117
0 0.501042 0.144444 0.0208333 0.037037 0.783503
0 0.533854 0.15 0.0260417 0.0407407 0.790374
0 0.686458 0.393519 0.0604167 0.0944444 0.814681
0 0.523438 0.215741 0.0322917 0.05 0.822059
0 0.738021 0.307407 0.053125 0.0740741 0.833551
0 0.3625 0.27037 0.04375 0.0666667 0.844536
0 0.655208 0.269444 0.0416667 0.0611111 0.850217
0 0.821875 0.459259 0.0875 0.103704 0.874741
