0 0.547917 0.10463 0.0125 0.0277778 0.0893937
0 0.194271 0.396296 0.078125 0.0666667 0.14901
0 0.314583 0.282407 0.0583333 0.087037 0.1677
0 0.871354 0.285185 0.0802083 0.0888889 0.175363
0 0.880729 0.372222 0.0739583 0.0666667 0.192513
0 0.611979 0.138889 0.0239583 0.0407407 0.216763
0 0.714063 0.161111 0.0322917 0.0555556 0.260275
0 0.743229 0.649074 0.105208 0.172222 0.328889
0 0.311458 0.259259 0.0458333 0.0518519 0.473243
0 0.767187 0.239815 0.0489583 0.0574074 0.571557
0 0.395833 0.268519 0.0416667 0.0518519 0.609312
0 0.665625 0.316667 0.0479167 0.0592593 0.672808
0 0.622917 0.187963 0.0291667 0.0462963 0.703239
0 0.952083 0.49537 0.0958333 0.0981481 0.743073
0 0.711979 0.262037 0.0427083 0.0574074 0.746411
0 0.650521 0.230556 0.034375 0.0537037 0.766283
0 0.491667 0.165741 0.0229167 0.0425926 0.805889
0 0.688021 0.393519 0.065625 0.109259 0.816669
0 0.767708 0.362963 0.0666667 0.0925926 0.819724
0 0.318229 0.331481 0.0572917 0.0851852 0.84696
0 0.527083 0.177778 0.03125 0.0481481 0.848514
0 0.5125 0.263889 0.0375 0.0611111 0.856264
