0 0.885417 0.259259 0.0645833 0.0518519 0.0521864
0 0.517187 0.101852 0.0135417 0.0259259 0.0781142
0 0.632812 0.0833333 0.0114583 0.0259259 0.0881077
0 0.227604 0.692593 0.130208 0.148148 0.120708
0 0.471875 0.192593 0.0333333 0.0518519 0.131735
0 0.611458 0.0888889 0.0145833 0.0259259 0.149294
0 0.65625 0.119444 0.0166667 0.0351852 0.18005
0 0.0473958 0.751852 0.0947917 0.155556 0.182152
0 0.551562 0.0768519 0.0135417 0.0277778 0.292176
0 0.476562 0.114815 0.0197917 0.0296296 0.411415
0 0.617188 0.119444 0.015625 0.0314815 0.441992
0 0.506771 0.123148 0.0177083 0.0314815 0.455805
0 0.779167 0.247222 0.04375 0.0537037 0.617555
0 0.629167 0.149074 0.0270833 0.0388889 0.663929
0 0.340625 0.298148 0.05625 0.0814815 0.720419
0 0.549479 0.106481 0.0177083 0.0314815 0.731335
0 0.427083 0.193519 0.03125 0.0462963 0.731861
0 0.484375 0.167593 0.0270833 0.0425926 0.733532
0 0.675521 0.178704 0.0322917 0.05 0.736733
0 0.873438 0.372222 0.078125 0.0851852 0.741892
0 0.73125 0.163889 0.0291667 0.05 0.752372
0 0.719792 0.576852 0.0958333 0.138889 0.755258
0 0.874479 0.549074 0.109375 0.146296 0.759893
0 0.175521 0.528704 0.0989583 0.138889 0.759983
0 0.672396 0.396296 0.0614583 0.0962963 0.852806
0 0.673437 0.306481 0.053125 0.0685185 0.858982
0 0.648958 0.224074 0.0354167 0.0555556 0.868235
0 0.770312 0.352778 0.0635417 0.087037 0.878471
0 0.464583 0.221296 0.0354167 0.0537037 0.893745
0 0.53125 0.188889 0.03125 0.0481481 0.902085
