0 0.7875 0.569444 0.0479167 0.0944444 0.0640008
0 0.901042 0.296296 0.0729167 0.062963 0.0658907
0 0.549479 0.0638889 0.009375 0.0203704 0.117922
0 0.605729 0.0962963 0.0177083 0.037037 0.301417
0 0.704167 0.142593 0.0229167 0.0407407 0.304816
0 0.388542 0.614815 0.102083 0.148148 0.330202
0 0.65625 0.135185 0.0291667 0.0407407 0.378261
0 0.885417 0.516667 0.10625 0.125926 0.559146
0 0.509896 0.0935185 0.0177083 0.0388889 0.575171
0 0.386979 0.223148 0.0364583 0.0611111 0.579243
0 0.291667 0.531482 0.0958333 0.140741 0.712926
0 0.691667 0.485185 0.0875 0.12963 0.732736
0 0.619792 0.127778 0.0229167 0.0333333 0.795463
0 0.70625 0.231481 0.0395833 0.062963 0.819246
0 0.541146 0.113889 0.021875 0.0314815 0.820211
0 0.835417 0.324074 0.0666667 0.0777778 0.828452
0 0.660937 0.312963 0.0489583 0.0777778 0.836906
0 0.642187 0.22963 0.040625 0.0555556 0.854473
0 0.415104 0.360185 0.059375 0.0981481 0.873584
0 0.504687 0.205556 0.034375 0.0518519 0.876824
0 0.742708 0.315741 0.0583333 0.0796296 0.880649
