0 0.526563 0.149074 0.021875 0.0351852 0.0872259
0 0.544271 0.0740741 0.009375 0.0185185 0.0954054
0 0.494792 0.118519 0.025 0.0518519 0.101451
0 0.33125 0.225 0.05625 0.0648148 0.114321
0 0.770312 0.726852 0.128125 0.161111 0.149397
0 0.257292 0.933333 0.13125 0.111111 0.152928
0 0.248958 0.606481 0.116667 0.157407 0.240233
0 0.444271 0.158333 0.0197917 0.0314815 0.324542
0 0.525521 0.169444 0.028125 0.0462963 0.374197
0 0.596354 0.122222 0.0135417 0.0296296 0.414558
0 0.421354 0.184259 0.028125 0.0351852 0.623195
0 0.476042 0.175926 0.03125 0.0518519 0.647478
0 0.611458 0.15463 0.0229167 0.0388889 0.664079
0 0.513021 0.218519 0.0364583 0.0555556 0.670441
0 0.696875 0.251852 0.0375 0.0518519 0.746914
0 0.775521 0.353704 0.0614583 0.103704 0.787326
0 0.4375 0.25 0.0416667 0.0703704 0.872767
0 0.654688 0.323148 0.0552083 0.0796296 0.873579
0 0.483854 0.294444 0.0427083 0.0666667 0.902605
