0 0.407292 0.20463 0.0333333 0.0537037 0.0520317
0 0.852083 0.228704 0.0479167 0.0388889 0.0599552
0 0.695833 0.143519 0.0208333 0.0314815 0.0711335
0 0.552604 0.0685185 0.009375 0.0185185 0.0816868
0 0.476562 0.105556 0.0135417 0.0333333 0.104638
0 0.743229 0.197222 0.0322917 0.0462963 0.229258
0 0.607292 0.0925926 0.0145833 0.037037 0.29529
0 0.477083 0.165741 0.025 0.0425926 0.471405
0 0.803646 0.277778 0.0635417 0.0703704 0.524859
0 0.539583 0.0981481 0.0166667 0.0296296 0.685973
0 0.317187 0.365741 0.0614583 0.0944444 0.761754
0 0.530208 0.150926 0.025 0.0462963 0.782053
0 0.901042 0.42963 0.0854167 0.0925926 0.789949
0 0.627083 0.187963 0.0354167 0.0537037 0.805562
0 0.510417 0.226852 0.0354167 0.0574074 0.842782
0 0.498437 0.131481 0.0239583 0.037037 0.869294
0 0.484375 0.335185 0.0520833 0.1 0.887036
0 0.754167 0.325 0.0604167 0.0981481 0.8881
0 0.663542 0.307407 0.0520833 0.0777778 0.894073
0 0.405208 0.307407 0.0520833 0.0814815 0.911259
