0 0.55 0.0953704 0.0125 0.0314815 0.0693813
0 0.785417 0.808333 0.139583 0.183333 0.104722
0 0.460417 0.150926 0.01875 0.0388889 0.106932
0 0.613021 0.142593 0.021875 0.0407407 0.114818
0 0.479688 0.130556 0.0197917 0.0388889 0.127999
0 0.913021 0.321296 0.0677083 0.0907407 0.18945
0 0.677604 0.183333 0.0260417 0.037037 0.21328
0 0.721354 0.169444 0.028125 0.05 0.313936
0 0.333333 0.236111 0.0395833 0.0611111 0.314445
0 0.625521 0.196296 0.0322917 0.0481481 0.441305
0 0.910417 0.415741 0.08125 0.0907407 0.68751
0 0.408854 0.240741 0.0385417 0.0555556 0.703456
0 0.779167 0.256481 0.0458333 0.0685185 0.712058
0 0.496875 0.152778 0.0229167 0.0388889 0.760556
0 0.530208 0.161111 0.0270833 0.0407407 0.790383
0 0.704167 0.446296 0.0770833 0.114815 0.814885
0 0.344271 0.296296 0.0510417 0.0814815 0.817247
0 0.723958 0.282407 0.0479167 0.0685185 0.818397
0 0.793229 0.403704 0.071875 0.1 0.84857
0 0.653125 0.250926 0.0395833 0.0574074 0.849021
0 0.675 0.352778 0.05625 0.0722222 0.868794
0 0.51875 0.237963 0.0354167 0.0537037 0.880272
