0 0.754687 0.193519 0.0364583 0.05 0.067766
0 0.476562 0.0981481 0.0135417 0.0259259 0.0751673
0 0.45 0.136111 0.025 0.0351852 0.098186
0 0.807813 0.289815 0.053125 0.0611111 0.137725
0 0.509896 0.0898148 0.0135417 0.0240741 0.168732
0 0.604167 0.0768519 0.0145833 0.0277778 0.24268
0 0.660417 0.128704 0.0229167 0.0425926 0.337147
0 0.680729 0.17037 0.028125 0.0518519 0.447214
0 0.329167 0.298148 0.05625 0.0740741 0.556609
0 0.534375 0.121296 0.0229167 0.0425926 0.678648
0 0.717708 0.525926 0.102083 0.148148 0.777561
0 0.236458 0.416667 0.06875 0.103704 0.802847
0 0.490104 0.133333 0.0239583 0.0407407 0.808624
0 0.493229 0.269444 0.0427083 0.0685185 0.815722
0 0.634375 0.167593 0.0291667 0.0574074 0.873779
