0 0.442187 0.280556 0.0489583 0.135185 0.0562933
0 0.609896 0.146296 0.0197917 0.037037 0.0677277
0 0.279687 0.562037 0.142708 0.187037 0.0859742
0 0.514583 0.125 0.0145833 0.0240741 0.10201
0 0.748438 0.627778 0.132292 0.162963 0.107897
0 0.600521 0.0935185 0.0135417 0.0277778 0.120284
0 0.649479 0.12963 0.015625 0.0296296 0.147696
0 0.0244792 0.0481481 0.0489583 0.0407407 0.180271
0 0.297917 0.927778 0.116667 0.111111 0.204787
0 0.546875 0.0962963 0.0125 0.0259259 0.251431
0 0.60625 0.132407 0.01875 0.0314815 0.311373
0 0.467187 0.139815 0.0177083 0.0314815 0.321721
0 0.498958 0.141667 0.01875 0.0388889 0.421503
0 0.665104 0.156481 0.0260417 0.0425926 0.469935
0 0.618229 0.160185 0.021875 0.0314815 0.501333
0 0.154167 0.551852 0.0958333 0.151852 0.610917
0 0.130729 0.443519 0.0864583 0.0981481 0.636167
0 0.778125 0.392593 0.075 0.140741 0.643401
0 0.960417 0.518519 0.0791667 0.107407 0.730579
0 0.438021 0.165741 0.028125 0.05 0.740935
0 0.756771 0.216667 0.034375 0.0518519 0.745955
0 0.475 0.192593 0.0270833 0.0444444 0.780688
0 0.285937 0.364815 0.0635417 0.0777778 0.79888
0 0.685938 0.391667 0.065625 0.105556 0.806831
0 0.423958 0.562037 0.0854167 0.12037 0.816392
0 0.634896 0.230556 0.0385417 0.0537037 0.827137
0 0.526563 0.200926 0.0302083 0.0462963 0.849702
0 0.4375 0.275 0.04375 0.0611111 0.853985
0 0.716667 0.234259 0.0354167 0.0574074 0.860398
0 0.385417 0.352778 0.0583333 0.0981481 0.899065
0 0.489062 0.308333 0.0510417 0.0722222 0.900399
