0 0.51875 0.0833333 0.0125 0.0259259 0.0599298
0 0.789062 0.573148 0.0489583 0.0944444 0.0641302
0 0.800521 0.862037 0.140625 0.168519 0.0814646
0 0.710417 0.150926 0.0291667 0.0351852 0.0942248
0 0.600521 0.0759259 0.0135417 0.0296296 0.159382
0 0.761458 0.228704 0.0395833 0.0425926 0.203477
0 0.547396 0.0824074 0.0135417 0.0240741 0.299551
0 0.666667 0.148148 0.0270833 0.037037 0.507188
0 0.621354 0.131481 0.0197917 0.0333333 0.592775
0 0.845833 0.319444 0.0666667 0.0944444 0.625367
0 0.689062 0.203704 0.0364583 0.0518519 0.716793
0 0.748958 0.29537 0.0541667 0.0722222 0.719297
0 0.620833 0.185185 0.0291667 0.0444444 0.755834
0 0.433333 0.462963 0.075 0.114815 0.77212
0 0.540625 0.110185 0.01875 0.0277778 0.7879
0 0.277604 0.385185 0.0802083 0.118519 0.821081
0 0.682292 0.328704 0.0520833 0.0796296 0.829749
0 0.442708 0.251852 0.0395833 0.0592593 0.83831
0 0.794271 0.400926 0.065625 0.0981481 0.870543
0 0.672917 0.446296 0.0729167 0.111111 0.874266
0 0.636458 0.236111 0.0416667 0.0611111 0.876537
