0 0.601042 0.10463 0.0125 0.0314815 0.0517677
0 0.641667 0.230556 0.0395833 0.105556 0.059096
0 0.639063 0.206481 0.034375 0.0537037 0.0682543
0 0.631771 0.190741 0.028125 0.0407407 0.123345
0 0.952604 0.825 0.0947917 0.164815 0.146121
0 0.447917 0.164815 0.0208333 0.037037 0.153334
0 0.764583 0.226852 0.0354167 0.0425926 0.165416
0 0.645833 0.149074 0.0229167 0.0351852 0.171202
0 0.210417 0.619444 0.11875 0.146296 0.192961
0 0.390104 0.24537 0.034375 0.0537037 0.378098
0 0.539062 0.143519 0.0177083 0.0314815 0.410766
0 0.667708 0.173148 0.0270833 0.0388889 0.450858
0 0.613021 0.137037 0.0197917 0.0333333 0.57439
0 0.427083 0.201852 0.0291667 0.0407407 0.575618
0 0.405208 0.624074 0.0916667 0.166667 0.599333
0 0.710417 0.169444 0.025 0.0425926 0.648616
0 0.694792 0.223148 0.0354167 0.05 0.693529
0 0.641146 0.226852 0.0364583 0.0462963 0.698014
0 0.759375 0.175 0.0354167 0.0537037 0.708039
0 0.7875 0.27037 0.0479167 0.062963 0.719104
0 0.760417 0.384259 0.0708333 0.112963 0.748846
0 0.925521 0.452778 0.0864583 0.0944444 0.810437
0 0.448958 0.25 0.0375 0.0555556 0.848393
0 0.647396 0.299074 0.0510417 0.0722222 0.859337
0 0.477604 0.311111 0.0510417 0.0962963 0.902479
