0 0.759896 0.842593 0.151042 0.192593 0.0776947
0 0.728646 0.280556 0.0552083 0.0611111 0.0832415
0 0.60625 0.0962963 0.0125 0.0296296 0.0904864
0 0.547917 0.0740741 0.0125 0.0222222 0.0935156
0 0.645312 0.118519 0.015625 0.0296296 0.0956759
0 0.488021 0.0916667 0.0197917 0.0351852 0.133866
0 0.260938 0.375 0.078125 0.0759259 0.178581
0 0.378125 0.702778 0.110417 0.17963 0.188172
0 0.890104 0.658333 0.126042 0.161111 0.195257
0 0.598437 0.0759259 0.0135417 0.0259259 0.256471
0 0.739062 0.199074 0.034375 0.0462963 0.329726
0 0.50625 0.125926 0.01875 0.0296296 0.538411
0 0.280729 0.580556 0.101042 0.157407 0.596518
0 0.631771 0.208333 0.0302083 0.05 0.69914
0 0.611979 0.128704 0.0239583 0.0425926 0.783317
0 0.830208 0.364815 0.0604167 0.0888889 0.784045
0 0.740625 0.318519 0.0541667 0.0777778 0.818747
0 0.519792 0.169444 0.0270833 0.0425926 0.820388
0 0.7125 0.246296 0.0375 0.0555556 0.853723
0 0.653125 0.288889 0.0479167 0.0703704 0.855177
0 0.698438 0.488889 0.0760417 0.114815 0.875524
