0 0.661458 0.153704 0.025 0.0481481 0.060289
0 0.6 0.087963 0.0104167 0.0203704 0.0799525
0 0.705208 0.22037 0.0416667 0.0555556 0.122214
0 0.722917 0.178704 0.0270833 0.0388889 0.142325
0 0.0583333 0.730556 0.116667 0.146296 0.15963
0 0.511979 0.123148 0.015625 0.0388889 0.164476
0 0.940104 0.741667 0.119792 0.153704 0.196085
0 0.615625 0.142593 0.01875 0.0333333 0.399995
0 0.39375 0.256481 0.0375 0.0537037 0.424305
0 0.545313 0.135185 0.0197917 0.037037 0.439769
0 0.434375 0.291667 0.0416667 0.0574074 0.502698
0 0.496354 0.164815 0.0260417 0.0444444 0.524119
0 0.875 0.375926 0.08125 0.0740741 0.679315
0 0.778646 0.246296 0.0385417 0.0592593 0.710627
0 0.529688 0.168519 0.0260417 0.0444444 0.711174
0 0.285937 0.386111 0.0677083 0.0907407 0.731066
0 0.466667 0.2 0.0375 0.0740741 0.745474
0 0.519792 0.22037 0.0333333 0.0518519 0.746507
0 0.708333 0.493519 0.075 0.12037 0.748297
0 0.846875 0.497222 0.0895833 0.109259 0.757838
0 0.696875 0.203704 0.03125 0.0481481 0.822829
0 0.390104 0.372222 0.059375 0.103704 0.833043
0 0.718229 0.27037 0.046875 0.062963 0.85781
0 0.479167 0.371296 0.0541667 0.101852 0.872684
0 0.650521 0.249074 0.0364583 0.0648148 0.904609
