0 0.677083 0.12963 0.03125 0.0407407 0.0510457
0 0.6125 0.0944444 0.0125 0.0333333 0.0685719
0 0.475521 0.151852 0.021875 0.037037 0.076444
0 0.609896 0.184259 0.0302083 0.0648148 0.0950575
0 0.766146 0.176852 0.0364583 0.0574074 0.120445
0 0.695833 0.206481 0.0416667 0.05 0.169812
0 0.582292 0.0833333 0.0125 0.0333333 0.367403
0 0.627083 0.122222 0.01875 0.037037 0.42872
0 0.754167 0.236111 0.0395833 0.05 0.489976
0 0.526563 0.109259 0.015625 0.0259259 0.502063
0 0.711979 0.189815 0.0322917 0.0462963 0.637384
0 0.607292 0.162037 0.0270833 0.0388889 0.695336
0 0.680729 0.218519 0.034375 0.0518519 0.718056
0 0.6125 0.211111 0.0354167 0.0481481 0.726455
0 0.795313 0.287963 0.0552083 0.0685185 0.781831
0 0.678646 0.484259 0.084375 0.127778 0.818679
0 0.720833 0.322222 0.05625 0.0740741 0.866201
0 0.357292 0.372222 0.0583333 0.0925926 0.903782
0 0.641146 0.308333 0.0489583 0.0759259 0.906019
0 0.298958 0.330556 0.0583333 0.0722222 0.918199
