0 0.0453125 0.77037 0.065625 0.0888889 0.0534489
0 0.792188 0.569444 0.0447917 0.0833333 0.0786161
0 0.147917 0.840741 0.141667 0.192593 0.079519
0 0.870833 0.235185 0.05 0.0407407 0.171621
0 0.0442708 0.757407 0.0885417 0.144444 0.227575
0 0.621875 0.135185 0.01875 0.0333333 0.240081
0 0.706771 0.124074 0.0260417 0.0296296 0.260633
0 0.788021 0.227778 0.046875 0.0444444 0.287656
0 0.665104 0.130556 0.0197917 0.0351852 0.350341
0 0.511979 0.0962963 0.021875 0.0407407 0.470304
0 0.886458 0.533333 0.110417 0.151852 0.538175
0 0.879687 0.346296 0.0677083 0.0888889 0.647875
0 0.632292 0.167593 0.0270833 0.0425926 0.648973
0 0.373437 0.248148 0.040625 0.0592593 0.682006
0 0.719271 0.47037 0.0822917 0.133333 0.684177
0 0.685417 0.162037 0.0270833 0.0351852 0.708239
0 0.766667 0.297222 0.05625 0.0796296 0.747562
0 0.476562 0.171296 0.0322917 0.0537037 0.784002
0 0.651042 0.213889 0.0354167 0.0574074 0.789344
0 0.659375 0.294444 0.0541667 0.0962963 0.798572
0 0.524479 0.172222 0.0322917 0.0555556 0.834426
0 0.724479 0.237037 0.040625 0.0703704 0.838665
0 0.440104 0.265741 0.046875 0.0759259 0.858018
0 0.479167 0.336111 0.0541667 0.087037 0.865706
0 0.369792 0.385185 0.0666667 0.1 0.873901
