0 0.945312 0.816667 0.109375 0.151852 0.0577215
0 0.294792 0.975 0.114583 0.0425926 0.0699579
0 0.758333 0.218519 0.0375 0.0444444 0.0702657
0 0.0661458 0.918519 0.0885417 0.162963 0.0927722
0 0.501042 0.117593 0.0270833 0.0351852 0.103473
0 0.482292 0.159259 0.025 0.037037 0.120741
0 0.370833 0.262037 0.0416667 0.0611111 0.159553
0 0.339063 0.416667 0.096875 0.137037 0.161839
0 0.065625 0.92963 0.13125 0.1 0.168007
0 0.602083 0.108333 0.0145833 0.0277778 0.272813
0 0.541667 0.087963 0.0145833 0.0277778 0.327648
0 0.655729 0.118519 0.0197917 0.0407407 0.44741
0 0.536458 0.127778 0.01875 0.0333333 0.573502
0 0.257292 0.390741 0.0833333 0.0925926 0.602058
0 0.6125 0.136111 0.0208333 0.0351852 0.623656
0 0.720833 0.617593 0.1 0.161111 0.689007
0 0.626042 0.172222 0.025 0.0407407 0.771619
0 0.684375 0.194444 0.0333333 0.0518519 0.785356
0 0.415104 0.552778 0.0885417 0.127778 0.809175
0 0.452604 0.37037 0.059375 0.0925926 0.88433
0 0.648438 0.265741 0.046875 0.0759259 0.918273
