0 0.6875 0.134259 0.0145833 0.0240741 0.0500793
0 0.297917 0.281481 0.0625 0.0518519 0.0587097
0 0.482292 0.108333 0.0125 0.0277778 0.0707523
0 0.741667 0.152778 0.025 0.0462963 0.0932882
0 0.464583 0.125926 0.0208333 0.0333333 0.110254
0 0.751042 0.776852 0.145833 0.161111 0.126815
0 0.614062 0.139815 0.0197917 0.0351852 0.129918
0 0.602604 0.0962963 0.0197917 0.037037 0.139806
0 0.925 0.699074 0.120833 0.157407 0.166139
0 0.542708 0.103704 0.0166667 0.0259259 0.364561
0 0.682292 0.19537 0.0333333 0.0425926 0.398937
0 0.734375 0.199074 0.0333333 0.0462963 0.428224
0 0.813021 0.312037 0.0614583 0.0722222 0.52864
0 0.63125 0.174074 0.0291667 0.0407407 0.674411
0 0.364583 0.274074 0.0520833 0.0814815 0.707838
0 0.720312 0.282407 0.0552083 0.0648148 0.707931
0 0.950521 0.476852 0.0989583 0.12037 0.760386
0 0.473958 0.19537 0.0291667 0.0462963 0.774761
0 0.817187 0.442593 0.0739583 0.111111 0.79955
0 0.635417 0.249074 0.0416667 0.0574074 0.804388
0 0.652604 0.330556 0.053125 0.087037 0.856571
0 0.722917 0.493519 0.0708333 0.12037 0.859218
0 0.482812 0.303704 0.0489583 0.0740741 0.893749
