0 0.634896 0.0898148 0.015625 0.0351852 0.0597735
0 0.547917 0.0611111 0.0104167 0.0222222 0.0750683
0 0.521354 0.0740741 0.0114583 0.0222222 0.0951789
0 0.707292 0.14537 0.0229167 0.0425926 0.169817
0 0.784375 0.573148 0.0416667 0.0833333 0.184386
0 0.602604 0.0796296 0.0135417 0.0296296 0.376968
0 0.441667 0.15463 0.0229167 0.0388889 0.455285
0 0.543229 0.0972222 0.015625 0.0277778 0.56522
0 0.827604 0.476852 0.090625 0.135185 0.642571
0 0.30625 0.540741 0.0958333 0.12963 0.705573
0 0.938542 0.462963 0.102083 0.111111 0.707476
0 0.659896 0.137037 0.0239583 0.037037 0.770375
0 0.63125 0.194444 0.03125 0.0518519 0.797655
0 0.689062 0.175 0.0322917 0.0462963 0.817389
0 0.519792 0.17963 0.0291667 0.0444444 0.824342
0 0.613542 0.134259 0.0208333 0.0351852 0.842826
0 0.460938 0.20463 0.0322917 0.05 0.858565
0 0.476562 0.361111 0.0635417 0.103704 0.865718
