0 0.699479 0.12037 0.0260417 0.0333333 0.0501168
0 0.7 0.12037 0.0145833 0.0222222 0.0771464
0 0.661458 0.122222 0.0229167 0.0296296 0.108248
0 0.552604 0.0611111 0.0114583 0.0222222 0.119004
0 0.613021 0.0851852 0.0135417 0.0259259 0.130435
0 0.791667 0.567593 0.0458333 0.087037 0.136447
0 0.619792 0.127778 0.01875 0.0296296 0.152351
0 0.845312 0.214815 0.040625 0.0518519 0.291197
0 0.508854 0.1 0.021875 0.0407407 0.342815
0 0.776042 0.210185 0.0416667 0.05 0.394811
0 0.645833 0.196296 0.03125 0.0481481 0.492091
0 0.629687 0.155556 0.0260417 0.0444444 0.564037
0 0.754167 0.268519 0.05 0.062963 0.699778
0 0.680729 0.150926 0.0260417 0.0425926 0.71544
0 0.852083 0.313889 0.0625 0.0796296 0.786901
0 0.654167 0.268519 0.0458333 0.0777778 0.790539
0 0.355729 0.275 0.0489583 0.0685185 0.800204
0 0.715625 0.218519 0.0354167 0.062963 0.812127
0 0.846354 0.461111 0.0947917 0.111111 0.816252
0 0.701563 0.408333 0.0739583 0.124074 0.831964
0 0.519271 0.19537 0.0385417 0.0648148 0.845163
0 0.467187 0.192593 0.0364583 0.0666667 0.856254
0 0.461979 0.400926 0.0614583 0.109259 0.864121
0 0.422917 0.306481 0.0520833 0.0907407 0.865164
0 0.332292 0.465741 0.0833333 0.116667 0.886927
