0 0.625521 0.102778 0.0135417 0.0277778 0.0529905
0 0.53125 0.119444 0.0208333 0.0425926 0.0842466
0 0.905208 0.702778 0.110417 0.146296 0.150847
0 0.51875 0.150926 0.0208333 0.0388889 0.254084
0 0.643229 0.137963 0.0197917 0.0351852 0.35975
0 0.600521 0.123148 0.0177083 0.0277778 0.468546
0 0.490625 0.131481 0.0208333 0.037037 0.573382
0 0.829167 0.337037 0.0625 0.0925926 0.652385
0 0.611458 0.201852 0.03125 0.0481481 0.723855
0 0.447917 0.219444 0.0354167 0.0574074 0.73928
0 0.48125 0.274074 0.0375 0.062963 0.772954
0 0.325521 0.50463 0.090625 0.12037 0.822302
0 0.285937 0.353704 0.0739583 0.103704 0.823198
0 0.388542 0.340741 0.05625 0.0888889 0.842932
0 0.640625 0.290741 0.0458333 0.0703704 0.850769
0 0.464063 0.405556 0.0635417 0.107407 0.879196
