0 0.456771 0.15463 0.021875 0.0314815 0.0536774
0 0.644792 0.107407 0.0145833 0.0333333 0.0782641
0 0.715625 0.162037 0.025 0.0277778 0.140676
0 0.506771 0.132407 0.015625 0.0277778 0.173874
0 0.405208 0.653704 0.1125 0.17037 0.249925
0 0.617708 0.111111 0.0166667 0.0296296 0.262589
0 0.411979 0.2 0.0364583 0.0481481 0.268018
0 0.325 0.247222 0.0416667 0.0537037 0.284691
0 0.672396 0.153704 0.021875 0.0407407 0.430722
0 0.754687 0.718518 0.107292 0.174074 0.483168
0 0.903125 0.616667 0.10625 0.181481 0.497364
0 0.775521 0.224074 0.0385417 0.062963 0.608497
0 0.646875 0.210185 0.0375 0.0462963 0.612872
0 0.870833 0.369444 0.08125 0.0833333 0.65238
0 0.49375 0.163889 0.025 0.0388889 0.676087
0 0.544271 0.137963 0.0239583 0.0388889 0.67874
0 0.702604 0.212963 0.034375 0.0481481 0.695682
0 0.627083 0.15463 0.0229167 0.0425926 0.756662
0 0.358333 0.289815 0.0479167 0.0685185 0.778451
0 0.725521 0.25463 0.0447917 0.0611111 0.789224
0 0.3125 0.343519 0.0583333 0.0759259 0.823726
0 0.723958 0.488889 0.075 0.122222 0.875494
0 0.676562 0.333333 0.0552083 0.0888889 0.875584
0 0.404687 0.343519 0.053125 0.087037 0.885476
