0 0.793229 0.592593 0.046875 0.0888889 0.0645703
0 0.689062 0.126852 0.021875 0.0351852 0.0764122
0 0.798437 0.930556 0.090625 0.101852 0.13123
0 0.65625 0.137963 0.0229167 0.0314815 0.155579
0 0.689583 0.175 0.0270833 0.0351852 0.402237
0 0.507812 0.134259 0.0177083 0.0388889 0.499535
0 0.615104 0.126852 0.0197917 0.0314815 0.516596
0 0.542708 0.15 0.0208333 0.037037 0.568294
0 0.486458 0.188889 0.0291667 0.0518519 0.606187
0 0.757292 0.212037 0.0333333 0.0537037 0.642677
0 0.193229 0.507407 0.0927083 0.122222 0.689178
0 0.953646 0.460185 0.0927083 0.101852 0.695232
0 0.430729 0.524074 0.0864583 0.140741 0.704797
0 0.359896 0.30463 0.0510417 0.0722222 0.760935
0 0.8375 0.502778 0.0895833 0.116667 0.76749
0 0.702083 0.22963 0.0395833 0.0555556 0.768608
0 0.451042 0.237037 0.0479167 0.0888889 0.777816
0 0.324479 0.506481 0.0927083 0.135185 0.791794
0 0.824479 0.301852 0.0552083 0.0703704 0.803387
0 0.523958 0.193519 0.0291667 0.05 0.826204
0 0.783854 0.376852 0.0802083 0.0833333 0.843309
0 0.396354 0.369444 0.0552083 0.087037 0.855194
0 0.64375 0.211111 0.03125 0.0518519 0.870975
0 0.678125 0.381481 0.0541667 0.111111 0.886494
0 0.506771 0.262037 0.0427083 0.0685185 0.887192
