0 0.352083 0.214815 0.0354167 0.0518519 0.0502583
0 0.602604 0.0944444 0.0135417 0.0259259 0.0697059
0 0.476562 0.168519 0.021875 0.0407407 0.0905898
0 0.628125 0.0861111 0.0145833 0.0314815 0.0977906
0 0.464583 0.124074 0.0166667 0.0296296 0.12382
0 0.626562 0.164815 0.0197917 0.0296296 0.149799
0 0.766667 0.246296 0.0145833 0.0296296 0.163018
0 0.39375 0.702778 0.11875 0.142593 0.173307
0 0.494271 0.134259 0.0302083 0.0537037 0.185505
0 0.625 0.162963 0.0270833 0.0481481 0.217404
0 0.640625 0.12037 0.0125 0.0296296 0.315101
0 0.610937 0.125 0.021875 0.0314815 0.40513
0 0.468229 0.215741 0.0302083 0.05 0.447624
0 0.744792 0.205556 0.0333333 0.0407407 0.488044
0 0.3 0.342593 0.0770833 0.1 0.571249
0 0.859375 0.538889 0.104167 0.12963 0.589676
0 0.971354 0.508333 0.0572917 0.112963 0.613424
0 0.43125 0.177778 0.0270833 0.0444444 0.628801
0 0.396875 0.226852 0.0354167 0.0574074 0.682275
0 0.536458 0.144444 0.0208333 0.0333333 0.739433
0 0.665625 0.159259 0.0270833 0.0518519 0.791903
0 0.430208 0.273148 0.0395833 0.0796296 0.863199
0 0.635938 0.212963 0.0385417 0.0666667 0.877495
0 0.651563 0.312037 0.0510417 0.0759259 0.885335
0 0.321354 0.489815 0.0760417 0.112963 0.891043
0 0.716146 0.260185 0.0510417 0.0796296 0.898391
