0 0.250521 0.313889 0.0385417 0.0537037 0.0518763
0 0.429167 0.261111 0.0604167 0.144444 0.0549923
0 0.592188 0.105556 0.015625 0.037037 0.0755454
0 0.0848958 0.639815 0.121875 0.142593 0.107163
0 0.983854 0.603704 0.0322917 0.1 0.120887
0 0.250521 0.307407 0.0677083 0.0703704 0.13453
0 0.526042 0.118519 0.0145833 0.0296296 0.183738
0 0.260417 0.573148 0.110417 0.201852 0.271139
0 0.6375 0.122222 0.0208333 0.0259259 0.278226
0 0.607292 0.150926 0.0270833 0.05 0.632913
0 0.663542 0.184259 0.0270833 0.0388889 0.737839
0 0.392188 0.214815 0.0385417 0.062963 0.750189
0 0.499479 0.25463 0.0385417 0.0611111 0.774111
0 0.694271 0.521296 0.0927083 0.124074 0.774413
0 0.442187 0.219444 0.034375 0.05 0.778938
0 0.476042 0.159259 0.0270833 0.0444444 0.788294
0 0.502604 0.189815 0.0302083 0.0462963 0.789303
0 0.421875 0.283333 0.0479167 0.0740741 0.813652
0 0.280208 0.360185 0.0666667 0.0833333 0.827667
0 0.429688 0.475926 0.071875 0.125926 0.865523
0 0.629687 0.298148 0.0447917 0.0666667 0.875959
0 0.346875 0.402778 0.0708333 0.109259 0.884859
