0 0.957812 0.807407 0.084375 0.181481 0.0537143
0 0.633333 0.121296 0.0145833 0.0314815 0.0764839
0 0.09375 0.931481 0.0625 0.107407 0.0973999
0 0.529167 0.137963 0.03125 0.0685185 0.111048
0 0.767708 0.768519 0.13125 0.17037 0.118053
0 0.497396 0.130556 0.0177083 0.0314815 0.160568
0 0.0958333 0.94537 0.129167 0.0796296 0.171513
0 0.397396 0.677778 0.111458 0.155556 0.206004
0 0.596354 0.109259 0.0135417 0.0296296 0.437112
0 0.528646 0.152778 0.021875 0.0351852 0.533044
0 0.5125 0.190741 0.025 0.037037 0.629274
0 0.480729 0.163889 0.028125 0.0462963 0.663101
0 0.298958 0.543519 0.104167 0.161111 0.710466
0 0.625521 0.219444 0.034375 0.0537037 0.821062
0 0.605729 0.164815 0.021875 0.037037 0.840894
0 0.4125 0.291667 0.0479167 0.0648148 0.846895
0 0.447917 0.385185 0.0583333 0.1 0.848098
0 0.779167 0.425 0.0666667 0.0981481 0.874564
