0 0.604688 0.087963 0.0135417 0.0240741 0.0785065
0 0.386458 0.64537 0.139583 0.183333 0.112548
0 0.905208 0.284259 0.0708333 0.0611111 0.119587
0 0.779688 0.775926 0.121875 0.155556 0.131348
0 0.55 0.0638889 0.0104167 0.0166667 0.163609
0 0.505729 0.112037 0.015625 0.0277778 0.198058
0 0.945312 0.713889 0.109375 0.157407 0.224877
0 0.70625 0.144444 0.0208333 0.0296296 0.229521
0 0.655729 0.134259 0.021875 0.0314815 0.345079
0 0.366146 0.252778 0.046875 0.0574074 0.573072
0 0.540104 0.0990741 0.015625 0.0277778 0.662427
0 0.823958 0.360185 0.0666667 0.0944444 0.729831
0 0.469792 0.192593 0.0291667 0.0407407 0.755447
0 0.617708 0.137963 0.0270833 0.05 0.768052
0 0.422917 0.285185 0.05 0.0925926 0.838341
0 0.31875 0.485185 0.0854167 0.118519 0.844679
0 0.726042 0.275 0.0479167 0.0648148 0.855553
0 0.664583 0.338889 0.0541667 0.0814815 0.863588
0 0.530729 0.156481 0.0302083 0.0462963 0.87426
0 0.459375 0.390741 0.0625 0.103704 0.877348
0 0.678125 0.178704 0.0333333 0.0611111 0.908711
