0 0.707292 0.137037 0.0229167 0.0333333 0.0601909
0 0.648958 0.141667 0.0229167 0.0388889 0.094779
0 0.608333 0.0740741 0.0104167 0.0222222 0.0955453
0 0.944271 0.724074 0.111458 0.166667 0.125913
0 0.510417 0.126852 0.0166667 0.0277778 0.3321
0 0.620313 0.119444 0.0197917 0.0388889 0.361742
0 0.34375 0.215741 0.0375 0.0574074 0.36215
0 0.548958 0.087963 0.0166667 0.0314815 0.376251
0 0.211979 0.464815 0.096875 0.122222 0.476634
0 0.652604 0.226852 0.0385417 0.0537037 0.478336
0 0.798437 0.261111 0.053125 0.0666667 0.5094
0 0.740625 0.187037 0.0354167 0.0481481 0.526336
0 0.494271 0.15 0.021875 0.0296296 0.572664
0 0.461458 0.132407 0.0208333 0.0314815 0.620893
0 0.543229 0.128704 0.0197917 0.0351852 0.692442
0 0.65 0.287963 0.0458333 0.0685185 0.711093
0 0.738542 0.562037 0.0875 0.12037 0.734963
0 0.634896 0.17037 0.028125 0.0407407 0.745026
0 0.783854 0.366667 0.0739583 0.0925926 0.756052
0 0.392188 0.240741 0.0385417 0.0518519 0.761901
0 0.726562 0.257407 0.0447917 0.062963 0.807515
0 0.678125 0.382407 0.0604167 0.0944444 0.82651
0 0.460938 0.211111 0.034375 0.0518519 0.879034
0 0.510417 0.258333 0.0395833 0.0685185 0.88466
0 0.423438 0.301852 0.046875 0.0740741 0.88639
