0 0.438542 0.105556 0.0145833 0.0259259 0.106826
0 0.701563 0.171296 0.0322917 0.0351852 0.130593
0 0.652083 0.159259 0.0229167 0.037037 0.16444
0 0.767187 0.218519 0.0364583 0.0407407 0.298892
0 0.595312 0.127778 0.0239583 0.0407407 0.406093
0 0.467187 0.155556 0.0239583 0.0407407 0.442527
0 0.495833 0.12037 0.0166667 0.0333333 0.479129
0 0.459896 0.192593 0.0322917 0.0481481 0.667539
0 0.513542 0.178704 0.03125 0.05 0.667754
0 0.377604 0.224074 0.0364583 0.0555556 0.720637
0 0.438021 0.142593 0.0260417 0.0444444 0.728498
0 0.286458 0.352778 0.0625 0.0796296 0.768149
0 0.426562 0.237037 0.0447917 0.062963 0.775606
0 0.392708 0.3 0.0541667 0.0925926 0.83125
0 0.705729 0.272222 0.046875 0.0592593 0.841769
0 0.481771 0.280556 0.0427083 0.0759259 0.874894
0 0.675521 0.52963 0.0739583 0.118519 0.879735
0 0.616146 0.203704 0.034375 0.0592593 0.896475
