0 0.619792 0.236111 0.0479167 0.131481 0.0589823
0 0.834375 0.239815 0.0645833 0.0537037 0.156548
0 0.705729 0.163889 0.0322917 0.05 0.165285
0 0.491146 0.106481 0.015625 0.0277778 0.166108
0 0.752604 0.252778 0.040625 0.0537037 0.218109
0 0.526042 0.0851852 0.0145833 0.0222222 0.324354
0 0.859896 0.626852 0.101042 0.17963 0.359576
0 0.830729 0.32963 0.0635417 0.0851852 0.361537
0 0.640104 0.151852 0.0302083 0.0444444 0.396355
0 0.620313 0.106481 0.0177083 0.0388889 0.453953
0 0.370313 0.22037 0.0364583 0.062963 0.480291
0 0.581771 0.0925926 0.0177083 0.0407407 0.505352
0 0.915104 0.453704 0.103125 0.114815 0.730295
0 0.628646 0.291667 0.0489583 0.0722222 0.813702
0 0.689062 0.52963 0.090625 0.114815 0.822274
0 0.617708 0.215741 0.0354167 0.05 0.829765
0 0.325521 0.426852 0.0739583 0.109259 0.866529
0 0.733854 0.32963 0.0572917 0.0703704 0.893199
0 0.428646 0.225 0.0364583 0.0537037 0.89607
