0 0.752604 0.173148 0.040625 0.05 0.0561614
0 0.697396 0.135185 0.028125 0.0407407 0.0562782
0 0.864062 0.611111 0.117708 0.162963 0.136172
0 0.427604 0.189815 0.028125 0.0537037 0.140145
0 0.465104 0.134259 0.0177083 0.0277778 0.26215
0 0.805729 0.251852 0.0510417 0.0740741 0.292037
0 0.759375 0.171296 0.0270833 0.0351852 0.304133
0 0.508854 0.119444 0.0197917 0.0351852 0.401976
0 0.646354 0.237963 0.0364583 0.0537037 0.521926
0 0.451562 0.164815 0.021875 0.0333333 0.527726
0 0.544271 0.112037 0.0177083 0.0351852 0.653169
0 0.200521 0.484259 0.096875 0.138889 0.655245
0 0.800521 0.208333 0.0427083 0.0611111 0.656888
0 0.616667 0.151852 0.0229167 0.037037 0.675953
0 0.659896 0.283333 0.0489583 0.062963 0.679134
0 0.808333 0.275 0.0458333 0.0574074 0.707821
0 0.646354 0.175926 0.0260417 0.0444444 0.711004
0 0.474479 0.193519 0.028125 0.0462963 0.715838
0 0.684896 0.20463 0.0322917 0.05 0.745255
0 0.721354 0.266667 0.046875 0.0703704 0.789643
0 0.340104 0.364815 0.059375 0.0888889 0.81514
0 0.847917 0.348148 0.0708333 0.0851852 0.820204
0 0.732292 0.193519 0.0354167 0.0574074 0.837597
0 0.507812 0.219444 0.0364583 0.0648148 0.848196
0 0.479688 0.363889 0.053125 0.0944444 0.858969
0 0.676042 0.40463 0.0645833 0.105556 0.863628
