0 0.938021 0.807407 0.123958 0.174074 0.0826976
0 0.608333 0.103704 0.0229167 0.0259259 0.0945533
0 0.792708 0.95463 0.0645833 0.0611111 0.167962
0 0.801562 0.968518 0.126042 0.062963 0.17592
0 0.547917 0.0703704 0.0125 0.0222222 0.199687
0 0.294271 0.327778 0.0635417 0.0666667 0.216588
0 0.598958 0.0805556 0.0145833 0.0277778 0.219978
0 0.860417 0.262037 0.05625 0.0574074 0.324893
0 0.649479 0.122222 0.0197917 0.0222222 0.471042
0 0.508854 0.117593 0.015625 0.0314815 0.640003
0 0.416146 0.560185 0.0864583 0.131481 0.748483
0 0.614062 0.137963 0.0239583 0.0388889 0.75074
0 0.71875 0.573148 0.0916667 0.131481 0.801373
0 0.722917 0.267593 0.0416667 0.0574074 0.812611
0 0.752604 0.215741 0.034375 0.0574074 0.815147
0 0.635417 0.228704 0.0354167 0.0574074 0.843049
0 0.660937 0.32037 0.053125 0.0814815 0.847189
0 0.522396 0.159259 0.0239583 0.0407407 0.861408
0 0.858854 0.421296 0.0677083 0.101852 0.866796
0 0.330729 0.482407 0.0822917 0.116667 0.887369
0 0.758854 0.352778 0.0635417 0.0833333 0.915813
