0 0.441146 0.151852 0.0239583 0.0444444 0.11582
0 0.613542 0.122222 0.01875 0.037037 0.129048
0 0.725521 0.153704 0.028125 0.0444444 0.22169
0 0.489062 0.0888889 0.0135417 0.0222222 0.242324
0 0.504167 0.0638889 0.0104167 0.0203704 0.283154
0 0.414583 0.187963 0.0354167 0.05 0.544039
0 0.547396 0.0611111 0.0114583 0.0185185 0.566898
0 0.868229 0.351852 0.071875 0.0888889 0.612606
0 0.850521 0.544444 0.109375 0.151852 0.704173
0 0.664583 0.156481 0.0291667 0.0425926 0.716327
0 0.807292 0.273148 0.0479167 0.0648148 0.746934
0 0.625 0.190741 0.0354167 0.062963 0.757242
0 0.700521 0.20463 0.0364583 0.0574074 0.770005
0 0.514063 0.219444 0.0364583 0.0574074 0.838288
0 0.541146 0.100926 0.0197917 0.0277778 0.843475
0 0.509375 0.108333 0.01875 0.0314815 0.854967
0 0.733854 0.273148 0.053125 0.0796296 0.864397
0 0.657812 0.308333 0.0510417 0.0833333 0.867817
0 0.469792 0.167593 0.0333333 0.0648148 0.868397
