0 0.491146 0.0861111 0.015625 0.0277778 0.0838919
0 0.519792 0.0805556 0.0166667 0.0314815 0.135486
0 0.689583 0.144444 0.0291667 0.0481481 0.142922
0 0.759375 0.144444 0.0229167 0.037037 0.148798
0 0.682813 0.164815 0.040625 0.0703704 0.184865
0 0.225 0.448148 0.0875 0.0962963 0.217902
0 0.438021 0.157407 0.028125 0.0481481 0.417573
0 0.610937 0.123148 0.0239583 0.0351852 0.429249
0 0.749479 0.20463 0.0364583 0.05 0.475437
0 0.547396 0.0907407 0.0177083 0.0259259 0.683242
0 0.402604 0.594444 0.101042 0.166667 0.715771
0 0.68125 0.186111 0.0354167 0.05 0.723025
0 0.8625 0.571296 0.10625 0.164815 0.746659
0 0.416146 0.292593 0.046875 0.0703704 0.747962
0 0.729167 0.564815 0.09375 0.12963 0.812417
0 0.486458 0.287963 0.0458333 0.0833333 0.813144
0 0.631771 0.174074 0.0302083 0.0481481 0.819595
0 0.458333 0.219444 0.0375 0.0537037 0.836354
0 0.524479 0.144444 0.0239583 0.0407407 0.848145
0 0.766146 0.367593 0.0614583 0.0944444 0.857491
0 0.672917 0.349074 0.0583333 0.0907407 0.906107
