0 0.282292 0.311111 0.075 0.0777778 0.057167
0 0.785937 0.85463 0.138542 0.17963 0.0829758
0 0.483854 0.103704 0.0135417 0.0259259 0.10842
0 0.691146 0.177778 0.0239583 0.0296296 0.128545
0 0.946354 0.328704 0.0697917 0.0833333 0.138367
0 0.514063 0.107407 0.0177083 0.0333333 0.146372
0 0.553646 0.0694444 0.0135417 0.0277778 0.159628
0 0.702083 0.139815 0.0229167 0.0351852 0.241854
0 0.663021 0.135185 0.0197917 0.0296296 0.268005
0 0.614062 0.0981481 0.0135417 0.0259259 0.278045
0 0.957292 0.790741 0.0854167 0.148148 0.293099
0 0.442187 0.17037 0.028125 0.0444444 0.310686
0 0.273438 0.292593 0.0552083 0.0518519 0.342769
0 0.551042 0.0962963 0.0145833 0.0222222 0.386543
0 0.385938 0.238889 0.0447917 0.0555556 0.619468
0 0.621354 0.133333 0.0197917 0.037037 0.649946
0 0.496875 0.14537 0.0229167 0.0388889 0.709917
0 0.750521 0.190741 0.0322917 0.0518519 0.724613
0 0.952083 0.492593 0.0958333 0.111111 0.725827
0 0.817187 0.293519 0.059375 0.0722222 0.726854
0 0.290625 0.374074 0.0645833 0.0925926 0.733827
0 0.636979 0.177778 0.0322917 0.0407407 0.752434
0 0.698438 0.212037 0.0385417 0.0537037 0.783018
0 0.215104 0.475926 0.090625 0.0888889 0.790994
0 0.539583 0.158333 0.0270833 0.0425926 0.824031
0 0.819271 0.45 0.078125 0.111111 0.838061
0 0.7 0.516667 0.0770833 0.114815 0.846526
0 0.481771 0.187963 0.0302083 0.0425926 0.849469
0 0.661458 0.268519 0.0395833 0.0666667 0.851283
0 0.346875 0.453704 0.0854167 0.103704 0.876581
0 0.69375 0.37963 0.0625 0.0962963 0.923151
