0 0.602604 0.0824074 0.0177083 0.0351852 0.0636888
0 0.271875 0.549074 0.147917 0.201852 0.0640744
0 0.467708 0.117593 0.0166667 0.0277778 0.0809284
0 0.530729 0.132407 0.0177083 0.0277778 0.104488
0 0.320833 0.236111 0.0416667 0.0574074 0.128893
0 0.392708 0.312963 0.0583333 0.062963 0.140209
0 0.928125 0.657407 0.1125 0.151852 0.18931
0 0.648958 0.124074 0.0208333 0.0296296 0.253571
0 0.544271 0.0851852 0.0135417 0.0259259 0.259938
0 0.408333 0.191667 0.0354167 0.0462963 0.277474
0 0.634375 0.0925926 0.0145833 0.0333333 0.279189
0 0.505208 0.115741 0.0229167 0.0388889 0.362715
0 0.391146 0.618519 0.105208 0.2 0.48282
0 0.608854 0.110185 0.0177083 0.0277778 0.51625
0 0.523958 0.17037 0.0333333 0.0555556 0.529373
0 0.689062 0.436111 0.0864583 0.142593 0.599962
0 0.314583 0.318519 0.0520833 0.0740741 0.627691
0 0.486979 0.152778 0.0239583 0.0388889 0.643105
0 0.957812 0.510185 0.084375 0.116667 0.665622
0 0.383333 0.237037 0.0395833 0.0592593 0.699547
0 0.510938 0.230556 0.034375 0.0537037 0.747113
0 0.357812 0.4 0.0677083 0.114815 0.791758
0 0.618229 0.162963 0.0260417 0.0407407 0.79924
0 0.453646 0.231481 0.034375 0.0555556 0.841133
0 0.478646 0.347222 0.053125 0.0944444 0.890749
