0 0.783333 0.575 0.0458333 0.087037 0.0798371
0 0.549479 0.0564815 0.009375 0.0166667 0.118429
0 0.317187 0.913889 0.126042 0.146296 0.12291
0 0.636458 0.158333 0.04375 0.0462963 0.150036
0 0.722917 0.166667 0.0229167 0.037037 0.188729
0 0.605729 0.0962963 0.015625 0.0259259 0.390841
0 0.886979 0.489815 0.103125 0.124074 0.521234
0 0.510417 0.1 0.0145833 0.0259259 0.527584
0 0.540625 0.087963 0.0125 0.0240741 0.543241
0 0.395833 0.212037 0.0375 0.05 0.645052
0 0.446354 0.441667 0.071875 0.135185 0.75941
0 0.481771 0.166667 0.0260417 0.0407407 0.770422
0 0.66875 0.160185 0.0270833 0.0388889 0.779676
0 0.534375 0.136111 0.025 0.0388889 0.823954
0 0.486458 0.300926 0.0479167 0.087037 0.85828
0 0.753125 0.338889 0.0625 0.0851852 0.868671
0 0.695833 0.462037 0.06875 0.12037 0.869662
0 0.690625 0.212963 0.0395833 0.0703704 0.870443
0 0.382292 0.35463 0.0583333 0.087037 0.875569
0 0.622396 0.155556 0.0302083 0.0555556 0.893744
0 0.45 0.230556 0.04375 0.0796296 0.907783
