0 0.528646 0.0509259 0.00729167 0.012963 0.0555783
0 0.650521 0.123148 0.0239583 0.0351852 0.0851073
0 0.5 0.0694444 0.0125 0.0240741 0.212122
0 0.754167 0.203704 0.0395833 0.0407407 0.233564
0 0.79375 0.247222 0.0520833 0.05 0.288332
0 0.473958 0.0990741 0.01875 0.0351852 0.305512
0 0.608854 0.1 0.0135417 0.0296296 0.385308
0 0.951042 0.45 0.0958333 0.103704 0.621638
0 0.409896 0.187963 0.0302083 0.0462963 0.63117
0 0.54375 0.0648148 0.0125 0.0222222 0.657506
0 0.707812 0.447222 0.078125 0.124074 0.685049
0 0.674479 0.151852 0.028125 0.0444444 0.701995
0 0.370313 0.238889 0.0489583 0.0666667 0.730084
0 0.615625 0.147222 0.0270833 0.0425926 0.791387
0 0.497396 0.125926 0.021875 0.0333333 0.809927
0 0.441146 0.218519 0.0364583 0.0814815 0.812267
0 0.6375 0.223148 0.0375 0.0611111 0.850886
0 0.69375 0.201852 0.0395833 0.062963 0.866786
0 0.490104 0.302778 0.0489583 0.0796296 0.88666
0 0.754167 0.335185 0.0666667 0.0814815 0.898743
0 0.535417 0.119444 0.0208333 0.0351852 0.912799
