0 0.782292 0.876852 0.14375 0.168519 0.0695641
0 0.4875 0.116667 0.0229167 0.0333333 0.0901957
0 0.698438 0.15463 0.0322917 0.0425926 0.115008
0 0.526563 0.0888889 0.015625 0.0259259 0.147451
0 0.727604 0.272222 0.0510417 0.0777778 0.199288
0 0.619271 0.101852 0.0197917 0.037037 0.216439
0 0.6375 0.143519 0.025 0.0425926 0.277775
0 0.738021 0.233333 0.0385417 0.0518519 0.519502
0 0.873438 0.396296 0.0885417 0.0851852 0.557121
0 0.805729 0.296296 0.0552083 0.0740741 0.575102
0 0.357292 0.243519 0.0416667 0.0611111 0.722357
0 0.614583 0.197222 0.0333333 0.05 0.733513
0 0.583333 0.0916667 0.0166667 0.0351852 0.737019
0 0.716667 0.290741 0.0458333 0.0740741 0.751847
0 0.280208 0.518519 0.09375 0.118519 0.757417
0 0.807292 0.513889 0.0958333 0.124074 0.824755
0 0.625 0.268519 0.0416667 0.0666667 0.839491
0 0.416667 0.252778 0.0395833 0.0574074 0.855039
0 0.673958 0.448148 0.06875 0.118519 0.876609
