0 0.653125 0.112963 0.0145833 0.0333333 0.0505303
0 0.630208 0.0796296 0.0125 0.0222222 0.0520976
0 0.810938 0.810185 0.0864583 0.131481 0.0625021
0 0.550521 0.0935185 0.0197917 0.0314815 0.0883335
0 0.616146 0.112037 0.015625 0.0277778 0.0955992
0 0.9625 0.367593 0.0708333 0.0796296 0.111219
0 0.721875 0.151852 0.0270833 0.0481481 0.115648
0 0.0791667 0.660185 0.133333 0.161111 0.130801
0 0.809375 0.840741 0.139583 0.144444 0.131721
0 0.515104 0.109259 0.0135417 0.0296296 0.13962
0 0.476042 0.194444 0.0291667 0.0518519 0.148827
0 0.610417 0.0842593 0.0125 0.0240741 0.20498
0 0.764063 0.224074 0.0427083 0.0444444 0.38809
0 0.551042 0.0805556 0.0145833 0.0277778 0.427718
0 0.625521 0.141667 0.0239583 0.0425926 0.459701
0 0.308854 0.342593 0.065625 0.0888889 0.65628
0 0.547917 0.114815 0.01875 0.0296296 0.671211
0 0.417188 0.207407 0.034375 0.0481481 0.721885
0 0.666667 0.168519 0.03125 0.0444444 0.74808
0 0.842188 0.328704 0.0635417 0.0833333 0.748955
0 0.471875 0.12037 0.01875 0.0333333 0.757019
0 0.503125 0.132407 0.0208333 0.0351852 0.777364
0 0.479167 0.17963 0.03125 0.0444444 0.79574
0 0.64375 0.205556 0.0333333 0.0481481 0.809267
0 0.663542 0.35463 0.05625 0.0833333 0.814054
0 0.665625 0.275926 0.0458333 0.0666667 0.817304
0 0.526563 0.208333 0.0322917 0.0537037 0.822368
0 0.8375 0.475926 0.0895833 0.118519 0.835261
0 0.703125 0.49537 0.075 0.116667 0.846201
0 0.752604 0.314815 0.0552083 0.0777778 0.853226
0 0.453125 0.246296 0.0375 0.0555556 0.863636
