0 0.328125 0.794444 0.133333 0.192593 0.103012
0 0.516146 0.0712963 0.0135417 0.0351852 0.127241
0 0.504167 0.165741 0.0229167 0.0388889 0.147865
0 0.506771 0.0990741 0.015625 0.0277778 0.158137
0 0.541146 0.0796296 0.0135417 0.0296296 0.22766
0 0.261458 0.559259 0.114583 0.148148 0.245853
0 0.599479 0.100926 0.015625 0.0277778 0.38529
0 0.653125 0.151852 0.0208333 0.037037 0.617629
0 0.430729 0.162963 0.0260417 0.0444444 0.626699
0 0.696875 0.19537 0.0354167 0.0537037 0.663994
0 0.425521 0.24537 0.0364583 0.0537037 0.723055
0 0.501562 0.265741 0.0427083 0.0611111 0.74777
0 0.373437 0.249074 0.0364583 0.0537037 0.752291
0 0.465104 0.167593 0.034375 0.0759259 0.80151
0 0.511458 0.20463 0.03125 0.05 0.808185
0 0.669271 0.394444 0.0635417 0.107407 0.813372
0 0.641667 0.267593 0.0479167 0.0722222 0.819826
0 0.332292 0.29537 0.0541667 0.0648148 0.822576
0 0.617708 0.175 0.0333333 0.0462963 0.84933
0 0.409896 0.305556 0.0510417 0.0777778 0.849351
0 0.455208 0.409259 0.06875 0.111111 0.857513
0 0.79375 0.434259 0.0791667 0.109259 0.875822
