0 0.833333 0.921296 0.14375 0.127778 0.0529003
0 0.451562 0.144444 0.0197917 0.0296296 0.0889301
0 0.71875 0.185185 0.03125 0.0481481 0.111278
0 0.328125 0.768519 0.139583 0.166667 0.111439
0 0.54375 0.0703704 0.0104167 0.0185185 0.122714
0 0.427604 0.17037 0.0239583 0.0407407 0.135619
0 0.515625 0.0805556 0.0125 0.0240741 0.236578
0 0.527604 0.14537 0.0197917 0.05 0.26633
0 0.496875 0.110185 0.0229167 0.0462963 0.294184
0 0.598437 0.130556 0.015625 0.0277778 0.525589
0 0.482292 0.165741 0.0270833 0.05 0.671814
0 0.308333 0.499074 0.102083 0.146296 0.785465
0 0.70625 0.273148 0.0416667 0.0611111 0.801149
0 0.517708 0.200926 0.03125 0.05 0.818765
0 0.614583 0.163889 0.025 0.0425926 0.819171
0 0.494271 0.267593 0.0385417 0.0648148 0.832503
0 0.800521 0.399074 0.0697917 0.109259 0.834365
0 0.449479 0.225926 0.0385417 0.0666667 0.856671
0 0.664583 0.364815 0.0625 0.0851852 0.888657
