0 0.936979 0.740741 0.126042 0.148148 0.15664
0 0.371875 0.251852 0.0395833 0.0592593 0.168465
0 0.604167 0.0842593 0.0125 0.0314815 0.208915
0 0.759375 0.676852 0.108333 0.146296 0.268892
0 0.754687 0.216667 0.040625 0.0703704 0.300252
0 0.461979 0.198148 0.0322917 0.0407407 0.353128
0 0.466146 0.12037 0.0177083 0.037037 0.387335
0 0.551562 0.075 0.0114583 0.0203704 0.488008
0 0.486979 0.153704 0.0239583 0.0407407 0.698722
0 0.535417 0.111111 0.01875 0.0333333 0.701779
0 0.619271 0.162963 0.0302083 0.0481481 0.711369
0 0.828646 0.324074 0.0635417 0.0777778 0.794471
0 0.520833 0.180556 0.03125 0.0537037 0.818013
0 0.438021 0.481481 0.0739583 0.144444 0.827066
0 0.720833 0.261111 0.05 0.062963 0.82898
0 0.227604 0.525926 0.0947917 0.125926 0.835808
0 0.493229 0.286111 0.0427083 0.0759259 0.85532
0 0.358333 0.40463 0.0729167 0.101852 0.880928
0 0.648958 0.248148 0.04375 0.062963 0.883612
