0 0.654167 0.139815 0.01875 0.0351852 0.0562818
0 0.95 0.346296 0.06875 0.0592593 0.0571384
0 0.0229167 0.0472222 0.0395833 0.0314815 0.0582971
0 0.458333 0.15463 0.0208333 0.0351852 0.0655304
0 0.553646 0.0759259 0.009375 0.0185185 0.0771257
0 0.428646 0.187037 0.0302083 0.0518519 0.0803593
0 0.486458 0.109259 0.0125 0.0333333 0.107799
0 0.716667 0.255556 0.0479167 0.0666667 0.150555
0 0.617188 0.123148 0.0197917 0.0277778 0.187115
0 0.613542 0.166667 0.0208333 0.037037 0.197263
0 0.288542 0.911111 0.120833 0.140741 0.198934
0 0.784375 0.253704 0.0479167 0.062963 0.212195
0 0.848958 0.916667 0.0833333 0.122222 0.219908
0 0.731771 0.197222 0.0322917 0.0462963 0.286837
0 0.513542 0.113889 0.0166667 0.0314815 0.350242
0 0.872396 0.556481 0.111458 0.138889 0.55958
0 0.544271 0.110185 0.0177083 0.0314815 0.566884
0 0.671875 0.175926 0.0291667 0.0407407 0.601724
0 0.710417 0.238889 0.0354167 0.0555556 0.632749
0 0.536979 0.148148 0.021875 0.0333333 0.634467
0 0.627083 0.203704 0.0354167 0.0518519 0.646422
0 0.927083 0.444444 0.1 0.111111 0.687568
0 0.735417 0.287963 0.0479167 0.0611111 0.722313
0 0.661979 0.252778 0.0364583 0.0574074 0.789719
0 0.699479 0.493519 0.071875 0.124074 0.823413
0 0.645833 0.323148 0.0520833 0.0796296 0.844547
0 0.386979 0.387963 0.0614583 0.0907407 0.890713
