0 0.624479 0.0990741 0.0114583 0.0240741 0.0586846
0 0.544271 0.0638889 0.009375 0.0203704 0.0861889
0 0.5125 0.203704 0.03125 0.062963 0.0989012
0 0.5 0.106481 0.0208333 0.0462963 0.231381
0 0.434375 0.159259 0.0208333 0.0333333 0.271774
0 0.528646 0.132407 0.0177083 0.0425926 0.307644
0 0.594271 0.0944444 0.015625 0.0333333 0.434485
0 0.457812 0.132407 0.015625 0.0314815 0.482491
0 0.4875 0.151852 0.0270833 0.0444444 0.618531
0 0.599479 0.133333 0.0177083 0.0296296 0.635528
0 0.377083 0.621296 0.09375 0.183333 0.640198
0 0.520833 0.182407 0.0291667 0.0537037 0.727673
0 0.833854 0.460185 0.0947917 0.127778 0.784824
0 0.500521 0.239815 0.0364583 0.0611111 0.788695
0 0.617708 0.169444 0.0270833 0.0425926 0.790328
0 0.719792 0.293519 0.0479167 0.0574074 0.800343
0 0.459896 0.206481 0.034375 0.0611111 0.834238
0 0.344271 0.425 0.0739583 0.116667 0.836572
0 0.679167 0.419444 0.0708333 0.101852 0.87082
