0 0.608854 0.0833333 0.0135417 0.0259259 0.0506024
0 0.730208 0.166667 0.03125 0.0296296 0.0510733
0 0.619792 0.160185 0.0354167 0.0685185 0.0592634
0 0.827604 0.400926 0.0385417 0.0425926 0.0909245
0 0.781771 0.571296 0.0489583 0.0833333 0.0917778
0 0.901042 0.666667 0.0645833 0.192593 0.119374
0 0.907812 0.681481 0.126042 0.148148 0.160359
0 0.448958 0.142593 0.0208333 0.0333333 0.161641
0 0.547917 0.0574074 0.0104167 0.0185185 0.173757
0 0.492708 0.0861111 0.0125 0.0203704 0.215803
0 0.620313 0.163889 0.0239583 0.0388889 0.230221
0 0.375 0.611111 0.116667 0.140741 0.352109
0 0.616146 0.131481 0.0197917 0.0333333 0.6011
0 0.711458 0.222222 0.0395833 0.062963 0.602225
0 0.908333 0.401852 0.0833333 0.0851852 0.66911
0 0.671875 0.166667 0.0270833 0.0481481 0.774147
0 0.830729 0.303704 0.059375 0.0777778 0.810741
0 0.511458 0.102778 0.0166667 0.0277778 0.817558
0 0.628125 0.210185 0.0375 0.0648148 0.831105
0 0.478125 0.151852 0.0291667 0.0592593 0.835646
0 0.542708 0.0962963 0.0166667 0.0296296 0.871868
0 0.752604 0.308333 0.0614583 0.105556 0.874497
0 0.667708 0.351852 0.0583333 0.0925926 0.894573
0 0.520312 0.2 0.034375 0.0518519 0.91898
