0 0.601042 0.0824074 0.0125 0.0240741 0.0992257
0 0.699479 0.235185 0.0510417 0.0703704 0.127363
0 0.167708 0.524074 0.116667 0.12963 0.183808
0 0.971354 0.775926 0.0572917 0.12963 0.194402
0 0.271354 0.649074 0.111458 0.161111 0.196483
0 0.746875 0.203704 0.0375 0.0407407 0.256112
0 0.514583 0.0953704 0.0125 0.0203704 0.270669
0 0.758333 0.717593 0.0958333 0.168519 0.2767
0 0.418229 0.184259 0.0302083 0.0388889 0.345714
0 0.541667 0.0824074 0.0125 0.0240741 0.493083
0 0.607292 0.110185 0.0145833 0.0277778 0.697522
0 0.491146 0.14537 0.0239583 0.0425926 0.707015
0 0.415104 0.598148 0.0927083 0.155556 0.723681
0 0.538542 0.126852 0.0229167 0.0351852 0.745118
0 0.795313 0.442593 0.0760417 0.103704 0.851108
0 0.688542 0.202778 0.0333333 0.05 0.859297
0 0.504687 0.248148 0.0385417 0.0666667 0.864445
0 0.478646 0.338889 0.0572917 0.107407 0.864665
0 0.46875 0.194444 0.0375 0.062963 0.871638
0 0.422917 0.283333 0.04375 0.0666667 0.892511
0 0.713021 0.275926 0.046875 0.0888889 0.914363
0 0.629687 0.189815 0.034375 0.0685185 0.927401
