0 0.617188 0.0842593 0.0114583 0.0203704 0.050687
0 0.504167 0.0925926 0.01875 0.0407407 0.0660966
0 0.542708 0.0555556 0.00833333 0.0185185 0.0970647
0 0.93125 0.649074 0.133333 0.168519 0.148584
0 0.235417 0.663889 0.122917 0.146296 0.158069
0 0.444792 0.137963 0.0208333 0.0314815 0.275748
0 0.494271 0.134259 0.0197917 0.0314815 0.45429
0 0.527083 0.155556 0.0291667 0.037037 0.546326
0 0.595833 0.0972222 0.0145833 0.0314815 0.548522
0 0.473958 0.17037 0.0291667 0.0518519 0.668695
0 0.728646 0.596296 0.107292 0.159259 0.691224
0 0.510417 0.196296 0.0291667 0.0444444 0.755518
0 0.602604 0.147222 0.021875 0.0351852 0.755924
0 0.622917 0.19537 0.0333333 0.0462963 0.821248
0 0.754167 0.367593 0.0604167 0.0981481 0.856573
0 0.395312 0.319444 0.0552083 0.0907407 0.864303
0 0.430208 0.435185 0.0666667 0.107407 0.900843
