0 0.603125 0.0851852 0.0104167 0.0185185 0.0533272
0 0.548958 0.0666667 0.0104167 0.0185185 0.221428
0 0.873438 0.537037 0.103125 0.140741 0.527167
0 0.270312 0.57963 0.101042 0.159259 0.653797
0 0.798958 0.312963 0.0604167 0.0740741 0.67635
0 0.73125 0.585185 0.0895833 0.125926 0.720834
0 0.538542 0.10463 0.0166667 0.0277778 0.726773
0 0.345833 0.277778 0.0458333 0.0666667 0.808393
0 0.503125 0.119444 0.01875 0.0314815 0.809923
0 0.614583 0.126852 0.025 0.0462963 0.826612
0 0.461458 0.211111 0.0333333 0.0518519 0.838762
0 0.402083 0.327778 0.0583333 0.103704 0.842922
0 0.527604 0.167593 0.0322917 0.05 0.883446
0 0.715104 0.250926 0.0447917 0.0574074 0.884875
0 0.653125 0.294444 0.0458333 0.0666667 0.899986
0 0.670313 0.162963 0.0302083 0.0555556 0.90016
0 0.4375 0.459259 0.0729167 0.114815 0.910492
