0 0.610937 0.0990741 0.0177083 0.0351852 0.0747172
0 0.530208 0.075 0.0125 0.0314815 0.0945655
0 0.0375 0.0416667 0.0520833 0.0388889 0.136563
0 0.5125 0.122222 0.0208333 0.0333333 0.175668
0 0.407813 0.219444 0.034375 0.05 0.296444
0 0.661458 0.131481 0.0208333 0.037037 0.342325
0 0.754167 0.206481 0.0375 0.0388889 0.38396
0 0.433333 0.189815 0.0291667 0.0462963 0.581256
0 0.860937 0.323148 0.065625 0.0981481 0.600685
0 0.738542 0.559259 0.0916667 0.125926 0.661224
0 0.554167 0.100926 0.0166667 0.0277778 0.664316
0 0.628646 0.134259 0.021875 0.0388889 0.713186
0 0.697917 0.199074 0.0333333 0.0462963 0.735791
0 0.321875 0.485185 0.0895833 0.133333 0.757107
0 0.74375 0.292593 0.0479167 0.0703704 0.841326
0 0.641146 0.205556 0.0322917 0.0555556 0.85603
0 0.467187 0.219444 0.0364583 0.0537037 0.85817
0 0.504167 0.300926 0.0479167 0.0833333 0.880517
0 0.675521 0.307407 0.053125 0.0851852 0.911142
0 0.798437 0.376852 0.065625 0.0944444 0.922588
