0 0.456771 0.12963 0.021875 0.037037 0.061457
0 0.610417 0.0888889 0.0125 0.0259259 0.0693406
0 0.497917 0.0805556 0.0104167 0.0166667 0.113152
0 0.739062 0.176852 0.0302083 0.0314815 0.165558
0 0.624479 0.177778 0.0302083 0.0407407 0.16856
0 0.548437 0.0564815 0.009375 0.0166667 0.276136
0 0.165104 0.526852 0.115625 0.157407 0.547394
0 0.950521 0.462037 0.0989583 0.105556 0.592543
0 0.858854 0.341667 0.0697917 0.0833333 0.639481
0 0.678125 0.17963 0.0291667 0.0481481 0.681688
0 0.544271 0.0916667 0.015625 0.0240741 0.707135
0 0.514583 0.0981481 0.0166667 0.0296296 0.736758
0 0.633854 0.228704 0.046875 0.0722222 0.775837
0 0.725521 0.240741 0.0447917 0.0703704 0.802527
0 0.483854 0.141667 0.028125 0.0574074 0.829809
0 0.61875 0.141667 0.0229167 0.0388889 0.832275
0 0.775521 0.349074 0.071875 0.109259 0.846344
0 0.524479 0.17963 0.0302083 0.0518519 0.850803
0 0.680729 0.401852 0.065625 0.103704 0.871502
0 0.4125 0.483333 0.0770833 0.118519 0.907882
