0 0.618229 0.132407 0.0177083 0.0314815 0.0528991
0 0.710417 0.237963 0.0458333 0.105556 0.0559107
0 0.602083 0.0962963 0.0125 0.0222222 0.069176
0 0.151042 0.832407 0.16875 0.17963 0.0738159
0 0.619271 0.146296 0.0197917 0.0481481 0.0972353
0 0.70625 0.161111 0.025 0.0333333 0.110176
0 0.670313 0.17963 0.0302083 0.0481481 0.126706
0 0.764583 0.721296 0.122917 0.168519 0.12808
0 0.548437 0.130556 0.0114583 0.0240741 0.161117
0 0.0223958 0.0592593 0.0427083 0.0407407 0.171593
0 0.94375 0.727778 0.1125 0.144444 0.207248
0 0.419271 0.221296 0.028125 0.05 0.291616
0 0.48125 0.177778 0.03125 0.0518519 0.304851
0 0.504687 0.150926 0.0239583 0.0388889 0.400126
0 0.61875 0.162037 0.0270833 0.0462963 0.42395
0 0.808854 0.29537 0.0427083 0.0611111 0.52596
0 0.534896 0.149074 0.0239583 0.0351852 0.613805
0 0.341146 0.313889 0.046875 0.0685185 0.671912
0 0.458333 0.246296 0.0354167 0.0555556 0.675814
0 0.7375 0.205556 0.03125 0.0481481 0.734967
0 0.216146 0.499074 0.0864583 0.0981481 0.739103
0 0.527083 0.192593 0.0291667 0.0444444 0.740352
0 0.952604 0.487963 0.0947917 0.0981481 0.750648
0 0.70625 0.242593 0.0375 0.0555556 0.805108
0 0.429167 0.297222 0.04375 0.0796296 0.864691
0 0.502083 0.290741 0.0416667 0.0666667 0.868778
0 0.744792 0.332407 0.0583333 0.0796296 0.889449
0 0.660417 0.302778 0.0458333 0.0685185 0.903884
