0 0.610937 0.0981481 0.0114583 0.0259259 0.0551251
0 0.905208 0.317593 0.0625 0.0388889 0.0556269
0 0.595833 0.127778 0.01875 0.0407407 0.0605879
0 0.643229 0.151852 0.021875 0.0407407 0.101412
0 0.576563 0.0722222 0.0114583 0.0333333 0.148004
0 0.698958 0.166667 0.025 0.0407407 0.170797
0 0.0380208 0.737963 0.0760417 0.142593 0.197353
0 0.706771 0.646296 0.090625 0.144444 0.215825
0 0.325 0.216667 0.0583333 0.0777778 0.244471
0 0.477604 0.143519 0.0239583 0.0388889 0.297461
0 0.724479 0.197222 0.0364583 0.05 0.456027
0 0.613021 0.202778 0.0302083 0.0425926 0.499095
0 0.850521 0.391667 0.0864583 0.0722222 0.508709
0 0.597917 0.149074 0.0229167 0.0388889 0.558781
0 0.525521 0.106481 0.021875 0.0425926 0.56463
0 0.659375 0.197222 0.03125 0.0425926 0.565164
0 0.419271 0.259259 0.040625 0.062963 0.727139
0 0.517187 0.147222 0.021875 0.0351852 0.768474
0 0.276042 0.257407 0.0583333 0.114815 0.794172
0 0.626042 0.266667 0.0479167 0.0740741 0.802897
0 0.661458 0.401852 0.05625 0.107407 0.856291
0 0.768229 0.408333 0.0697917 0.101852 0.869905
