0 0.373437 0.709259 0.117708 0.148148 0.165979
0 0.503125 0.12037 0.0166667 0.0333333 0.170603
0 0.931771 0.748148 0.123958 0.162963 0.193137
0 0.610417 0.123148 0.0208333 0.0277778 0.310319
0 0.442708 0.148148 0.0229167 0.037037 0.359063
0 0.347396 0.265741 0.0447917 0.05 0.413277
0 0.138021 0.553704 0.105208 0.166667 0.453151
0 0.240625 0.601852 0.104167 0.159259 0.544071
0 0.51875 0.185185 0.0270833 0.037037 0.656899
0 0.753646 0.425 0.0760417 0.127778 0.664285
0 0.800521 0.274074 0.053125 0.0666667 0.745078
0 0.541667 0.101852 0.0208333 0.0333333 0.765075
0 0.490104 0.149074 0.0260417 0.0462963 0.782487
0 0.296875 0.347222 0.0666667 0.0907407 0.808962
0 0.503646 0.244444 0.0427083 0.0703704 0.810663
0 0.733333 0.290741 0.05 0.062963 0.812232
0 0.646354 0.250926 0.0447917 0.0944444 0.84454
0 0.458854 0.211111 0.0322917 0.0518519 0.865679
0 0.478646 0.357407 0.0572917 0.0925926 0.897491
0 0.389583 0.374074 0.0541667 0.0925926 0.899127
