0 0.196875 0.712037 0.145833 0.17963 0.0678983
0 0.95 0.35 0.06875 0.0481481 0.0743424
0 0.807292 0.827778 0.175 0.185185 0.0942679
0 0.758854 0.163889 0.021875 0.0351852 0.121514
0 0.951042 0.343519 0.0895833 0.0833333 0.134599
0 0.652083 0.134259 0.0166667 0.0277778 0.180221
0 0.528646 0.106481 0.015625 0.0277778 0.255109
0 0.123438 0.475926 0.105208 0.103704 0.328075
0 0.784896 0.189815 0.0322917 0.0462963 0.335405
0 0.394271 0.657407 0.084375 0.144444 0.341649
0 0.618229 0.156481 0.028125 0.05 0.361975
0 0.900521 0.648148 0.105208 0.17037 0.365552
0 0.557292 0.0925926 0.0125 0.0222222 0.388617
0 0.692708 0.141667 0.0166667 0.0314815 0.544417
0 0.733333 0.187037 0.03125 0.0481481 0.688947
0 0.866146 0.373148 0.0697917 0.0759259 0.757123
0 0.469271 0.233333 0.0364583 0.0666667 0.808236
0 0.504167 0.15463 0.025 0.0388889 0.852915
0 0.703646 0.232407 0.0385417 0.0537037 0.857665
0 0.541146 0.178704 0.028125 0.0388889 0.863896
0 0.647396 0.222222 0.0302083 0.0518519 0.868855
0 0.677604 0.39537 0.0552083 0.109259 0.872926
0 0.45 0.367593 0.0708333 0.105556 0.881621
0 0.763542 0.35463 0.0604167 0.0796296 0.910073
