0 0.7125 0.171296 0.0333333 0.0462963 0.0538905
0 0.498958 0.136111 0.0270833 0.0462963 0.0587686
0 0.755208 0.198148 0.025 0.0333333 0.0665122
0 0.752083 0.647222 0.154167 0.183333 0.106204
0 0.755729 0.202778 0.0364583 0.0537037 0.119401
0 0.2625 0.298148 0.0645833 0.0518519 0.128331
0 0.638542 0.196296 0.03125 0.0592593 0.131125
0 0.940625 0.672222 0.11875 0.151852 0.2384
0 0.50625 0.106481 0.0208333 0.0388889 0.287379
0 0.715104 0.148148 0.0302083 0.037037 0.328057
0 0.441146 0.156481 0.0239583 0.0388889 0.419287
0 0.626562 0.137037 0.0239583 0.037037 0.48658
0 0.497396 0.15 0.0260417 0.037037 0.602
0 0.635938 0.22037 0.034375 0.0518519 0.627183
0 0.654688 0.27963 0.0447917 0.0592593 0.635011
0 0.934896 0.422222 0.090625 0.0962963 0.670257
0 0.640104 0.173148 0.028125 0.0425926 0.708765
0 0.698438 0.2 0.034375 0.0518519 0.755542
0 0.734375 0.266667 0.04375 0.0666667 0.761525
0 0.820312 0.44537 0.078125 0.127778 0.768051
0 0.472917 0.190741 0.03125 0.0481481 0.789498
0 0.686458 0.372222 0.0583333 0.1 0.825823
0 0.532812 0.164815 0.028125 0.0444444 0.841208
0 0.543229 0.105556 0.021875 0.037037 0.842935
0 0.339063 0.462963 0.0760417 0.107407 0.857204
0 0.3375 0.312037 0.05625 0.0722222 0.872552
0 0.464583 0.405556 0.0645833 0.1 0.875641
0 0.424479 0.285185 0.0489583 0.062963 0.897807
