0 0.689583 0.205556 0.0229167 0.0407407 0.0611142
0 0.759375 0.221296 0.0416667 0.0462963 0.0619853
0 0.553125 0.0824074 0.0104167 0.0203704 0.0719735
0 0.853646 0.930556 0.123958 0.131481 0.118278
0 0.664062 0.156481 0.0260417 0.0388889 0.180999
0 0.44375 0.177778 0.0270833 0.0407407 0.226415
0 0.509375 0.125926 0.0208333 0.0333333 0.246835
0 0.714583 0.176852 0.0270833 0.0425926 0.269654
0 0.956771 0.787963 0.0864583 0.146296 0.29295
0 0.754167 0.610185 0.0958333 0.131481 0.448034
0 0.651563 0.215741 0.0322917 0.0537037 0.531223
0 0.709896 0.241667 0.0385417 0.0611111 0.551984
0 0.858333 0.358333 0.0708333 0.101852 0.62567
0 0.532812 0.172222 0.021875 0.0333333 0.647428
0 0.621875 0.17963 0.0270833 0.0444444 0.670658
0 0.408333 0.214815 0.0333333 0.0592593 0.775203
0 0.541667 0.124074 0.0208333 0.0333333 0.789364
0 0.6375 0.269444 0.0395833 0.0648148 0.820623
0 0.308333 0.55463 0.0895833 0.127778 0.843739
0 0.8 0.425 0.0708333 0.0907407 0.85914
0 0.675 0.37963 0.0604167 0.103704 0.946171
