0 0.60625 0.102778 0.0145833 0.0277778 0.0601169
0 0.80625 0.647222 0.1375 0.183333 0.109097
0 0.382292 0.227778 0.0395833 0.0518519 0.1385
0 0.524479 0.15463 0.021875 0.0351852 0.166094
0 0.613542 0.143519 0.01875 0.0388889 0.211129
0 0.280729 0.925 0.084375 0.124074 0.281122
0 0.273438 0.572222 0.115625 0.2 0.385632
0 0.456771 0.132407 0.0197917 0.0351852 0.465517
0 0.498437 0.131481 0.0260417 0.0444444 0.544692
0 0.542708 0.0962963 0.0166667 0.0296296 0.718865
0 0.273438 0.283333 0.053125 0.0740741 0.760582
0 0.475521 0.178704 0.028125 0.0462963 0.764343
0 0.860417 0.363889 0.075 0.0833333 0.776133
0 0.246875 0.410185 0.075 0.101852 0.776815
0 0.347396 0.282407 0.0510417 0.0759259 0.842092
0 0.660937 0.324074 0.053125 0.118519 0.842364
0 0.497917 0.284259 0.04375 0.0759259 0.850912
0 0.516146 0.202778 0.0385417 0.0648148 0.854991
0 0.3375 0.421296 0.06875 0.105556 0.855064
0 0.429688 0.288889 0.0427083 0.0703704 0.858243
0 0.792708 0.413889 0.0729167 0.0981481 0.880094
0 0.442187 0.475926 0.078125 0.111111 0.9073
