0 0.641667 0.110185 0.01875 0.0351852 0.0605221
0 0.0135417 0.0407407 0.0270833 0.037037 0.0734826
0 0.458333 0.144444 0.01875 0.0333333 0.0920698
0 0.358854 0.744444 0.132292 0.148148 0.12023
0 0.494792 0.158333 0.0270833 0.0462963 0.128981
0 0.6625 0.155556 0.0229167 0.037037 0.240424
0 0.608854 0.119444 0.0177083 0.0314815 0.318212
0 0.436458 0.175 0.025 0.0425926 0.501964
0 0.542708 0.117593 0.0166667 0.0314815 0.656189
0 0.472396 0.19537 0.0260417 0.05 0.707011
0 0.619792 0.161111 0.025 0.037037 0.722443
0 0.644271 0.231481 0.0364583 0.0555556 0.72631
0 0.808854 0.438889 0.0947917 0.144444 0.738022
0 0.804688 0.287037 0.0552083 0.0740741 0.742466
0 0.695833 0.221296 0.0375 0.0722222 0.770603
0 0.384375 0.236111 0.0395833 0.0685185 0.774762
0 0.419792 0.294444 0.0416667 0.062963 0.834924
0 0.660417 0.311111 0.0604167 0.0962963 0.85439
0 0.702083 0.525926 0.0875 0.122222 0.882107
0 0.320312 0.512037 0.084375 0.12037 0.886648
0 0.491146 0.333333 0.0552083 0.0851852 0.918156
