0 0.523438 0.0657407 0.0114583 0.0203704 0.0520988
0 0.988021 0.915741 0.0239583 0.142593 0.11701
0 0.644792 0.107407 0.01875 0.0407407 0.121854
0 0.4625 0.125926 0.0208333 0.0333333 0.260773
0 0.152604 0.544444 0.107292 0.174074 0.373937
0 0.73125 0.186111 0.03125 0.0425926 0.434059
0 0.60625 0.0935185 0.0166667 0.0351852 0.61876
0 0.545313 0.0805556 0.0135417 0.0240741 0.630016
0 0.480729 0.160185 0.028125 0.0425926 0.762433
0 0.529688 0.138889 0.0239583 0.0407407 0.762902
0 0.673958 0.164815 0.0291667 0.0444444 0.797155
0 0.649479 0.264815 0.0447917 0.0666667 0.827263
0 0.624479 0.169444 0.0260417 0.0425926 0.8278
0 0.715104 0.240741 0.040625 0.0592593 0.848988
0 0.505729 0.252778 0.046875 0.0796296 0.865953
0 0.395312 0.344444 0.0552083 0.0888889 0.887219
