0 0.550521 0.0527778 0.009375 0.0166667 0.137776
0 0.614583 0.106481 0.0145833 0.0351852 0.149554
0 0.753646 0.697222 0.123958 0.157407 0.183706
0 0.321354 0.661111 0.113542 0.144444 0.185765
0 0.889063 0.565741 0.115625 0.153704 0.23355
0 0.519792 0.0861111 0.0125 0.0240741 0.410702
0 0.68125 0.185185 0.0291667 0.0407407 0.524869
0 0.547917 0.0796296 0.0125 0.0222222 0.550469
0 0.772396 0.234259 0.0427083 0.0537037 0.593984
0 0.970833 0.527778 0.0583333 0.103704 0.646366
0 0.6375 0.233333 0.0395833 0.0592593 0.673835
0 0.501042 0.118519 0.025 0.0481481 0.698352
0 0.319271 0.319444 0.053125 0.087037 0.715399
0 0.628646 0.177778 0.028125 0.0481481 0.734648
0 0.778125 0.337037 0.0645833 0.0962963 0.785955
0 0.704687 0.233333 0.040625 0.062963 0.844303
0 0.653646 0.314815 0.0572917 0.0962963 0.855885
0 0.533854 0.144444 0.0239583 0.0407407 0.874791
0 0.476562 0.297222 0.046875 0.0759259 0.900964
