0 0.343229 0.771296 0.142708 0.190741 0.0924089
0 0.607292 0.10463 0.0145833 0.0314815 0.109547
0 0.528125 0.141667 0.01875 0.0351852 0.132728
0 0.395312 0.207407 0.0302083 0.0444444 0.148698
0 0.461979 0.123148 0.021875 0.0314815 0.163522
0 0.502604 0.12037 0.0239583 0.0444444 0.468246
0 0.616146 0.150926 0.0239583 0.0388889 0.472078
0 0.366667 0.361111 0.0583333 0.0777778 0.507985
0 0.54375 0.0925926 0.0166667 0.0296296 0.649034
0 0.364583 0.256481 0.0416667 0.0611111 0.676966
0 0.519792 0.187963 0.0354167 0.0462963 0.685577
0 0.286979 0.356481 0.0614583 0.0907407 0.694038
0 0.323958 0.469444 0.0791667 0.131481 0.733368
0 0.48125 0.163889 0.025 0.0388889 0.736385
0 0.908854 0.425 0.0885417 0.0907407 0.740157
0 0.846875 0.510185 0.09375 0.12037 0.80069
0 0.505208 0.252778 0.0395833 0.0648148 0.810393
0 0.442708 0.255556 0.0375 0.062963 0.813351
0 0.671354 0.37037 0.0614583 0.133333 0.815544
0 0.4625 0.400926 0.0604167 0.109259 0.89548
