0 0.930208 0.824074 0.139583 0.166667 0.10624
0 0.491146 0.102778 0.0135417 0.0240741 0.188498
0 0.714583 0.180556 0.0375 0.0611111 0.24948
0 0.858854 0.27037 0.0635417 0.0666667 0.25031
0 0.716667 0.628704 0.102083 0.142593 0.376501
0 0.524479 0.0814815 0.0135417 0.0222222 0.397846
0 0.856771 0.377778 0.078125 0.0888889 0.416588
0 0.621875 0.118519 0.01875 0.037037 0.450555
0 0.645833 0.167593 0.0291667 0.0462963 0.572379
0 0.38125 0.207407 0.0354167 0.0518519 0.73015
0 0.954167 0.535185 0.0916667 0.114815 0.730908
0 0.766146 0.278704 0.053125 0.0722222 0.751485
0 0.581771 0.100926 0.0197917 0.0388889 0.770064
0 0.61875 0.233333 0.0354167 0.0555556 0.804775
0 0.755208 0.37963 0.0625 0.0925926 0.848966
0 0.634375 0.330556 0.0541667 0.0833333 0.868971
0 0.4375 0.20463 0.0333333 0.05 0.888649
0 0.357292 0.353704 0.0625 0.0888889 0.897593
