0 0.691146 0.151852 0.0239583 0.037037 0.0535075
0 0.381771 0.225 0.0364583 0.0537037 0.0800015
0 0.635417 0.141667 0.0208333 0.0425926 0.0994339
0 0.470313 0.159259 0.0322917 0.0444444 0.137045
0 0.4875 0.131481 0.01875 0.037037 0.173313
0 0.897396 0.387037 0.078125 0.0740741 0.226895
0 0.465625 0.106481 0.0166667 0.0314815 0.358215
0 0.591146 0.117593 0.0177083 0.0351852 0.413188
0 0.519271 0.131481 0.0239583 0.0444444 0.517695
0 0.453646 0.191667 0.0322917 0.0462963 0.529648
0 0.75625 0.251852 0.05 0.062963 0.621243
0 0.845833 0.601852 0.10625 0.140741 0.633192
0 0.507292 0.187037 0.0291667 0.0444444 0.760244
0 0.629167 0.256481 0.0416667 0.0611111 0.776675
0 0.606771 0.185185 0.0322917 0.0481481 0.789778
0 0.304688 0.47963 0.0822917 0.107407 0.845678
0 0.645312 0.344444 0.0572917 0.1 0.86884
0 0.692187 0.249074 0.040625 0.0574074 0.878784
