0 0.549479 0.0675926 0.0114583 0.0240741 0.0565036
0 0.376042 0.652778 0.104167 0.168519 0.227941
0 0.477604 0.107407 0.015625 0.0259259 0.236158
0 0.547917 0.0740741 0.0104167 0.0185185 0.517829
0 0.767187 0.25 0.0427083 0.062963 0.684487
0 0.610417 0.112963 0.0208333 0.037037 0.725639
0 0.657812 0.138889 0.0239583 0.0481481 0.727355
0 0.775521 0.365741 0.0697917 0.087037 0.780344
0 0.494792 0.133333 0.0208333 0.037037 0.798267
0 0.344792 0.439815 0.0854167 0.127778 0.803057
0 0.291146 0.348148 0.0614583 0.0888889 0.825542
0 0.695833 0.215741 0.0354167 0.0537037 0.846605
0 0.684896 0.4 0.0614583 0.107407 0.85088
0 0.520833 0.19537 0.0354167 0.0611111 0.852529
0 0.440625 0.251852 0.0395833 0.062963 0.869653
0 0.535417 0.118519 0.01875 0.0333333 0.876791
0 0.639063 0.235185 0.0364583 0.0592593 0.885086
