0 0.0348958 0.735185 0.0697917 0.12963 0.135415
0 0.670313 0.186111 0.0302083 0.0425926 0.154996
0 0.933333 0.730556 0.125 0.15 0.163856
0 0.273438 0.915741 0.123958 0.131481 0.167329
0 0.273438 0.409259 0.078125 0.0777778 0.190013
0 0.51875 0.130556 0.0145833 0.0277778 0.197253
0 0.618229 0.12963 0.0135417 0.0259259 0.244436
0 0.795833 0.919444 0.0833333 0.105556 0.271112
0 0.870833 0.281481 0.05 0.0444444 0.306055
0 0.259375 0.653704 0.1125 0.140741 0.309827
0 0.621875 0.17037 0.025 0.0444444 0.33963
0 0.290625 0.310185 0.0583333 0.0722222 0.363313
0 0.726562 0.190741 0.0260417 0.0407407 0.428342
0 0.511458 0.168519 0.0229167 0.0407407 0.454133
0 0.794271 0.274074 0.0510417 0.0592593 0.707315
0 0.632292 0.230556 0.0354167 0.0574074 0.773596
0 0.55 0.138889 0.01875 0.0333333 0.7989
0 0.503125 0.234259 0.0395833 0.0685185 0.809124
0 0.417188 0.322222 0.0447917 0.0925926 0.850279
0 0.676042 0.369444 0.0520833 0.0796296 0.864851
0 0.784896 0.4 0.0677083 0.0962963 0.875511
0 0.495833 0.314815 0.0395833 0.0666667 0.876284
0 0.470313 0.437037 0.0614583 0.1 0.887983
