0 0.785417 0.575926 0.0479167 0.0851852 0.061082
0 0.261979 0.960185 0.138542 0.0648148 0.0777379
0 0.602083 0.0814815 0.0125 0.0222222 0.0825255
0 0.192188 0.732407 0.132292 0.153704 0.147083
0 0.482292 0.103704 0.0166667 0.0296296 0.230352
0 0.547917 0.0703704 0.0104167 0.0185185 0.392321
0 0.6125 0.118519 0.0229167 0.0481481 0.645164
0 0.498958 0.126852 0.01875 0.0277778 0.664019
0 0.536979 0.110185 0.015625 0.0314815 0.675929
0 0.665104 0.149074 0.028125 0.05 0.775702
0 0.322396 0.310185 0.0572917 0.0759259 0.780971
0 0.819271 0.439815 0.084375 0.109259 0.78803
0 0.414583 0.540741 0.0833333 0.133333 0.803904
0 0.782812 0.282407 0.053125 0.0759259 0.819165
0 0.378125 0.37037 0.0666667 0.114815 0.839279
0 0.704167 0.230556 0.0416667 0.0574074 0.851588
0 0.525521 0.184259 0.0322917 0.0537037 0.857846
0 0.645833 0.262037 0.0395833 0.0648148 0.859663
0 0.451562 0.22963 0.0364583 0.0555556 0.864427
0 0.704687 0.482407 0.0739583 0.12037 0.87727
