0 0.488542 0.0962963 0.0166667 0.0296296 0.0509
0 0.338542 0.786111 0.1625 0.187037 0.0787177
0 0.796875 0.90463 0.129167 0.15 0.084901
0 0.550521 0.0592593 0.009375 0.0185185 0.0873538
0 0.344271 0.213889 0.034375 0.0574074 0.0998976
0 0.517187 0.0842593 0.0135417 0.0351852 0.177644
0 0.464063 0.301852 0.053125 0.0962963 0.21063
0 0.427083 0.175 0.0270833 0.0388889 0.247375
0 0.785417 0.575 0.0395833 0.0796296 0.266055
0 0.734896 0.188889 0.034375 0.0518519 0.526332
0 0.608333 0.118519 0.0229167 0.0407407 0.554245
0 0.673437 0.17037 0.0322917 0.0481481 0.650602
0 0.961458 0.52037 0.0770833 0.107407 0.748151
0 0.546875 0.0981481 0.0166667 0.0296296 0.779272
0 0.473437 0.333333 0.053125 0.1 0.790392
0 0.628125 0.162963 0.0270833 0.0444444 0.826538
0 0.747917 0.322222 0.0583333 0.0740741 0.841917
0 0.520833 0.158333 0.0270833 0.0388889 0.853331
0 0.820833 0.47963 0.09375 0.114815 0.854242
0 0.452083 0.246296 0.0395833 0.062963 0.875212
0 0.394792 0.327778 0.0541667 0.0851852 0.87768
0 0.704687 0.476852 0.078125 0.109259 0.878694
0 0.664062 0.311111 0.0510417 0.0777778 0.887751
