0 0.673958 0.12963 0.0145833 0.0333333 0.0547306
0 0.592708 0.101852 0.0166667 0.0333333 0.0594977
0 0.633333 0.116667 0.0145833 0.037037 0.0853415
0 0.499479 0.112037 0.015625 0.0314815 0.188678
0 0.948438 0.506481 0.103125 0.135185 0.436078
0 0.523958 0.125 0.01875 0.0314815 0.549916
0 0.604688 0.143519 0.028125 0.05 0.567089
0 0.373437 0.238889 0.0427083 0.0592593 0.593643
0 0.236979 0.42037 0.0802083 0.0962963 0.68328
0 0.657812 0.172222 0.0260417 0.037037 0.685264
0 0.404687 0.569444 0.0947917 0.15 0.706403
0 0.469792 0.17037 0.0270833 0.0407407 0.723935
0 0.432292 0.243519 0.0375 0.0574074 0.776636
0 0.498958 0.210185 0.0333333 0.0537037 0.800798
0 0.404687 0.321296 0.0510417 0.0796296 0.821696
0 0.494271 0.282407 0.046875 0.0796296 0.854954
0 0.624479 0.266667 0.0364583 0.062963 0.867622
0 0.309375 0.477778 0.0979167 0.133333 0.884391
0 0.673958 0.437963 0.0666667 0.109259 0.90741
