0 0.515104 0.197222 0.0364583 0.0722222 0.0758098
0 0.610937 0.132407 0.021875 0.0425926 0.0854403
0 0.196354 0.700926 0.136458 0.190741 0.112497
0 0.01875 0.946296 0.0375 0.0777778 0.132684
0 0.45 0.142593 0.0208333 0.0333333 0.25188
0 0.961979 0.914815 0.0760417 0.125926 0.288042
0 0.521875 0.17037 0.025 0.0407407 0.335287
0 0.773438 0.519444 0.0822917 0.138889 0.374506
0 0.366667 0.246296 0.0395833 0.0518519 0.473326
0 0.542708 0.1 0.01875 0.0296296 0.732158
0 0.494271 0.140741 0.0260417 0.0481481 0.773314
0 0.410417 0.326852 0.05625 0.0796296 0.794671
0 0.416146 0.571296 0.0947917 0.146296 0.795851
0 0.467187 0.193519 0.0302083 0.0425926 0.805242
0 0.201042 0.471296 0.08125 0.124074 0.814869
0 0.508854 0.223148 0.0385417 0.0648148 0.821266
0 0.826042 0.314815 0.0625 0.0851852 0.833772
0 0.296354 0.496296 0.084375 0.103704 0.843228
0 0.325521 0.309259 0.0572917 0.0777778 0.858296
0 0.653646 0.283333 0.0489583 0.0962963 0.866418
0 0.757812 0.346296 0.059375 0.0925926 0.873169
0 0.490625 0.318519 0.05 0.0814815 0.921375
