0 0.305729 0.276852 0.0572917 0.0388889 0.0512074
0 0.531771 0.197222 0.040625 0.0796296 0.0523253
0 0.609375 0.0814815 0.0104167 0.0185185 0.0722085
0 0.717708 0.15463 0.0333333 0.0388889 0.0758142
0 0.525 0.105556 0.0145833 0.0296296 0.106273
0 0.764063 0.159259 0.0302083 0.0407407 0.107925
0 0.934896 0.687037 0.130208 0.148148 0.163031
0 0.557813 0.0898148 0.0135417 0.0203704 0.307163
0 0.686458 0.118519 0.0145833 0.0296296 0.3318
0 0.740625 0.555556 0.09375 0.144444 0.576708
0 0.614583 0.130556 0.0229167 0.0425926 0.5773
0 0.816667 0.29537 0.0541667 0.0648148 0.61845
0 0.411458 0.471296 0.08125 0.138889 0.649425
0 0.495833 0.166667 0.0270833 0.0444444 0.790885
0 0.820833 0.47037 0.0833333 0.107407 0.816151
0 0.641667 0.184259 0.025 0.0425926 0.822014
0 0.441667 0.275 0.04375 0.087037 0.828684
0 0.686458 0.187037 0.03125 0.0481481 0.839551
0 0.734375 0.282407 0.0479167 0.0685185 0.866983
0 0.533333 0.2 0.03125 0.0444444 0.898273
0 0.661979 0.30463 0.046875 0.0685185 0.908475
