0 0.513542 0.0907407 0.0125 0.0222222 0.0733256
0 0.543229 0.0740741 0.0114583 0.0296296 0.0778588
0 0.809375 0.925926 0.0854167 0.12963 0.0865775
0 0.065625 0.915741 0.13125 0.138889 0.0955273
0 0.463021 0.12963 0.0197917 0.0333333 0.114478
0 0.592188 0.108333 0.0135417 0.0277778 0.142356
0 0.428125 0.177778 0.0291667 0.0444444 0.205501
0 0.992188 0.942593 0.015625 0.0814815 0.303663
0 0.521875 0.147222 0.0208333 0.0351852 0.307833
0 0.486979 0.134259 0.0322917 0.0648148 0.420372
0 0.60625 0.132407 0.01875 0.0351852 0.505806
0 0.677083 0.209259 0.03125 0.0444444 0.52875
0 0.461458 0.201852 0.0375 0.062963 0.663404
0 0.51875 0.192593 0.0270833 0.0407407 0.709794
0 0.4 0.211111 0.0354167 0.0518519 0.711096
0 0.501042 0.262037 0.0416667 0.0648148 0.804786
0 0.697396 0.47037 0.0739583 0.118519 0.821724
0 0.740104 0.286111 0.0510417 0.0833333 0.84869
0 0.457812 0.375 0.0572917 0.0907407 0.857574
0 0.638542 0.257407 0.0416667 0.062963 0.889938
0 0.404687 0.306481 0.0510417 0.0907407 0.899194
