0 0.622917 0.118519 0.0145833 0.0296296 0.0505033
0 0.465625 0.17037 0.0270833 0.0296296 0.0583081
0 0.528125 0.0861111 0.0166667 0.0351852 0.0941666
0 0.489583 0.113889 0.0208333 0.0314815 0.0994268
0 0.748958 0.825 0.145833 0.168519 0.108386
0 0.580729 0.0833333 0.0135417 0.0333333 0.28685
0 0.703646 0.177778 0.0302083 0.0444444 0.419188
0 0.740625 0.221296 0.0354167 0.0462963 0.525986
0 0.525 0.117593 0.0166667 0.0277778 0.585698
0 0.605208 0.153704 0.0229167 0.037037 0.619983
0 0.776563 0.265741 0.0510417 0.0685185 0.653215
0 0.633854 0.281481 0.0489583 0.0666667 0.709423
0 0.672396 0.200926 0.0322917 0.05 0.738957
0 0.6625 0.413889 0.0791667 0.12037 0.778223
0 0.609375 0.2 0.0333333 0.0444444 0.805469
0 0.703646 0.287963 0.046875 0.0685185 0.840202
0 0.266667 0.376852 0.0645833 0.0907407 0.858361
0 0.321875 0.443519 0.0729167 0.0981481 0.8908
