0 0.472917 0.128704 0.0145833 0.0240741 0.0818138
0 0.601562 0.122222 0.0114583 0.0296296 0.0840273
0 0.545313 0.105556 0.0135417 0.0222222 0.110849
0 0.326042 0.888889 0.127083 0.166667 0.140541
0 0.809896 0.939815 0.084375 0.109259 0.217357
0 0.655729 0.138889 0.021875 0.037037 0.250077
0 0.021875 0.0472222 0.0416667 0.0425926 0.325961
0 0.882812 0.398148 0.0822917 0.0888889 0.450093
0 0.45625 0.152778 0.01875 0.0351852 0.455013
0 0.733333 0.187963 0.0333333 0.0425926 0.481672
0 0.614062 0.144444 0.0177083 0.0333333 0.486961
0 0.490104 0.161111 0.021875 0.0407407 0.580972
0 0.695312 0.459259 0.084375 0.137037 0.654525
0 0.628646 0.2 0.034375 0.0518519 0.733285
0 0.734896 0.306481 0.059375 0.0981481 0.752539
0 0.690625 0.198148 0.0291667 0.0444444 0.755721
0 0.201042 0.467593 0.0979167 0.109259 0.767533
0 0.457812 0.228704 0.034375 0.0537037 0.798248
0 0.405208 0.341667 0.05 0.0796296 0.810948
0 0.421875 0.192593 0.03125 0.062963 0.823916
0 0.664583 0.312963 0.0520833 0.0814815 0.831461
0 0.329167 0.463889 0.08125 0.124074 0.861342
0 0.457292 0.40463 0.06875 0.105556 0.873939
0 0.516146 0.239815 0.0385417 0.0648148 0.8906
