0 0.696875 0.155556 0.0291667 0.0407407 0.0604885
0 0.913542 0.738889 0.0791667 0.114815 0.0659616
0 0.491146 0.126852 0.0197917 0.0314815 0.090252
0 0.241667 0.29537 0.09375 0.12037 0.0952817
0 0.917708 0.764815 0.13125 0.166667 0.140716
0 0.640104 0.153704 0.021875 0.0407407 0.187324
0 0.592188 0.12037 0.0197917 0.0407407 0.30835
0 0.470313 0.101852 0.015625 0.0296296 0.334297
0 0.520833 0.12037 0.025 0.0518519 0.535969
0 0.948958 0.440741 0.0854167 0.107407 0.543808
0 0.461458 0.174074 0.0291667 0.0407407 0.586554
0 0.772917 0.275 0.0541667 0.0648148 0.649639
0 0.655208 0.390741 0.06875 0.111111 0.755778
0 0.611979 0.200926 0.0364583 0.0574074 0.769085
0 0.509896 0.172222 0.0239583 0.0407407 0.798734
0 0.707292 0.275926 0.0479167 0.0592593 0.813607
0 0.635417 0.280556 0.0458333 0.0648148 0.838599
0 0.347917 0.397222 0.06875 0.0944444 0.884803
