0 0.489583 0.177778 0.025 0.037037 0.0827532
0 0.632292 0.191667 0.0375 0.0685185 0.111555
0 0.65625 0.14537 0.01875 0.0314815 0.149882
0 0.993229 0.602778 0.0135417 0.087037 0.153011
0 0.425 0.194444 0.0291667 0.0481481 0.288259
0 0.770312 0.723148 0.105208 0.164815 0.343388
0 0.729688 0.144444 0.0260417 0.0444444 0.383154
0 0.629167 0.172222 0.0270833 0.0444444 0.399838
0 0.541146 0.132407 0.0177083 0.0277778 0.430768
0 0.752083 0.218519 0.0375 0.0592593 0.439257
0 0.609896 0.118519 0.0177083 0.0333333 0.46377
0 0.531771 0.171296 0.0239583 0.0314815 0.532849
0 0.390625 0.251852 0.0333333 0.0481481 0.562968
0 0.410417 0.494444 0.08125 0.140741 0.596821
0 0.677083 0.178704 0.0291667 0.0425926 0.692001
0 0.633854 0.230556 0.034375 0.05 0.736494
0 0.825521 0.315741 0.059375 0.0574074 0.743807
0 0.407813 0.323148 0.0510417 0.0833333 0.802175
0 0.714583 0.276852 0.05 0.0796296 0.818854
0 0.811979 0.458333 0.078125 0.101852 0.830731
0 0.326042 0.331481 0.05 0.0925926 0.83384
