0 0.5 0.075 0.0125 0.0240741 0.0719551
0 0.645312 0.115741 0.021875 0.0425926 0.0765229
0 0.0973958 0.636111 0.126042 0.153704 0.0889118
0 0.472396 0.119444 0.0197917 0.0388889 0.10903
0 0.983333 0.39537 0.0333333 0.0685185 0.214886
0 0.873958 0.262037 0.0645833 0.0611111 0.228314
0 0.885938 0.605556 0.0989583 0.137037 0.295136
0 0.602083 0.0944444 0.0166667 0.0333333 0.447648
0 0.516667 0.0935185 0.0125 0.0240741 0.455797
0 0.664583 0.157407 0.025 0.0407407 0.670905
0 0.718229 0.549074 0.0927083 0.138889 0.701689
0 0.826042 0.319444 0.0604167 0.0722222 0.708898
0 0.614062 0.125 0.021875 0.0314815 0.781937
0 0.434896 0.27963 0.0427083 0.0666667 0.815276
0 0.626042 0.178704 0.0333333 0.0574074 0.852883
0 0.494271 0.292593 0.046875 0.0740741 0.864316
0 0.785937 0.399074 0.0635417 0.087037 0.889253
0 0.6625 0.347222 0.0520833 0.0833333 0.897136
0 0.531771 0.122222 0.0197917 0.0333333 0.903307
