0 0.518229 0.0842593 0.0114583 0.0203704 0.0522128
0 0.544792 0.0731481 0.0104167 0.0203704 0.0530675
0 0.325 0.886111 0.127083 0.164815 0.0917653
0 0.157813 0.760185 0.144792 0.175926 0.0993075
0 0.05625 0.672222 0.1125 0.162963 0.128486
0 0.435937 0.157407 0.028125 0.0407407 0.253422
0 0.608854 0.119444 0.0177083 0.0351852 0.340665
0 0.872396 0.603704 0.111458 0.166667 0.352321
0 0.325521 0.293519 0.0510417 0.0611111 0.372663
0 0.499479 0.127778 0.0197917 0.0333333 0.522152
0 0.780729 0.248148 0.0427083 0.0592593 0.650065
0 0.514583 0.2 0.03125 0.0518519 0.689308
0 0.7375 0.363889 0.0583333 0.131481 0.745756
0 0.264583 0.391667 0.075 0.101852 0.769111
0 0.540625 0.111111 0.01875 0.0333333 0.823689
0 0.482812 0.162963 0.028125 0.0518519 0.826893
0 0.714583 0.252778 0.0416667 0.0611111 0.851765
0 0.497396 0.271296 0.040625 0.0833333 0.86071
0 0.448958 0.230556 0.0375 0.0574074 0.864142
0 0.361458 0.434259 0.06875 0.101852 0.870752
0 0.639583 0.226852 0.0395833 0.0796296 0.89255
0 0.4625 0.415741 0.0708333 0.105556 0.907321
