0 0.792708 0.914815 0.0708333 0.0555556 0.0566564
0 0.694271 0.141667 0.0197917 0.0351852 0.0567142
0 0.0380208 0.0472222 0.053125 0.0240741 0.0698745
0 0.522917 0.0787037 0.0166667 0.0277778 0.0762804
0 0.469271 0.116667 0.0177083 0.0333333 0.0963643
0 0.604167 0.0981481 0.01875 0.037037 0.130166
0 0.672917 0.169444 0.0208333 0.0388889 0.177482
0 0.780208 0.922222 0.075 0.118519 0.184716
0 0.616146 0.146296 0.0239583 0.0407407 0.200344
0 0.753646 0.164815 0.0239583 0.0407407 0.228088
0 0.975 0.556481 0.05 0.138889 0.243304
0 0.544271 0.0953704 0.015625 0.0240741 0.420068
0 0.840104 0.341667 0.065625 0.0685185 0.607254
0 0.382292 0.247222 0.0479167 0.0685185 0.645843
0 0.688542 0.207407 0.0333333 0.0444444 0.648537
0 0.481771 0.178704 0.0260417 0.0388889 0.713319
0 0.745313 0.216667 0.0364583 0.0518519 0.748556
0 0.633333 0.186111 0.03125 0.0462963 0.768466
0 0.849479 0.509259 0.0927083 0.125926 0.771755
0 0.744271 0.582407 0.0885417 0.131481 0.783616
0 0.731771 0.310185 0.059375 0.0833333 0.838449
0 0.660937 0.366667 0.0635417 0.0962963 0.843347
0 0.641667 0.271296 0.04375 0.0574074 0.848533
0 0.491146 0.269444 0.040625 0.0648148 0.870239
