0 0.515104 0.105556 0.0135417 0.0296296 0.0901497
0 0.549479 0.0777778 0.009375 0.0185185 0.167997
0 0.340625 0.230556 0.0375 0.0537037 0.267716
0 0.501042 0.136111 0.0166667 0.0277778 0.364496
0 0.866146 0.35463 0.0739583 0.0685185 0.422588
0 0.608333 0.123148 0.01875 0.0388889 0.564542
0 0.484375 0.173148 0.0229167 0.0425926 0.595535
0 0.358333 0.282407 0.04375 0.0537037 0.672654
0 0.39375 0.230556 0.0354167 0.0537037 0.681786
0 0.443229 0.242593 0.0510417 0.114815 0.685177
0 0.527604 0.173148 0.028125 0.0388889 0.697153
0 0.619792 0.194444 0.0270833 0.0407407 0.705363
0 0.639063 0.241667 0.0385417 0.0574074 0.763037
0 0.511979 0.250926 0.0364583 0.0574074 0.774229
0 0.90625 0.443519 0.075 0.0981481 0.781604
0 0.707812 0.246296 0.0447917 0.0592593 0.800232
0 0.322917 0.519444 0.0979167 0.146296 0.805464
0 0.540625 0.130556 0.0208333 0.0314815 0.813035
0 0.680208 0.190741 0.03125 0.0444444 0.832321
0 0.488542 0.317593 0.0458333 0.0759259 0.867969
0 0.679688 0.434259 0.0697917 0.105556 0.869521
