0 0.733854 0.587963 0.0864583 0.087037 0.050679
0 0.499479 0.212037 0.0385417 0.0833333 0.164479
0 0.540625 0.0833333 0.0145833 0.037037 0.1677
0 0.645833 0.131481 0.0166667 0.0333333 0.199528
0 0.729688 0.618519 0.109375 0.159259 0.244405
0 0.501562 0.109259 0.015625 0.0259259 0.355556
0 0.413542 0.589815 0.102083 0.142593 0.491079
0 0.68125 0.167593 0.0333333 0.05 0.500518
0 0.499479 0.242593 0.0385417 0.0592593 0.560132
0 0.408333 0.191667 0.03125 0.0537037 0.689744
0 0.901042 0.421296 0.0875 0.0833333 0.72782
0 0.611979 0.150926 0.0239583 0.0351852 0.761323
0 0.394792 0.312037 0.0479167 0.0796296 0.777564
0 0.65 0.299074 0.05 0.0833333 0.820637
0 0.328125 0.306481 0.0520833 0.0759259 0.825733
0 0.63125 0.213889 0.0375 0.0574074 0.837326
0 0.450521 0.205556 0.0385417 0.0814815 0.839666
0 0.269792 0.380556 0.0729167 0.0833333 0.840844
0 0.484375 0.333333 0.0520833 0.0814815 0.912756
0 0.746354 0.330556 0.0572917 0.087037 0.91421
0 0.363542 0.398148 0.0645833 0.1 0.915393
