0 0.713021 0.156481 0.0260417 0.0240741 0.051076
0 0.549479 0.0592593 0.009375 0.0185185 0.0833092
0 0.605729 0.0925926 0.0135417 0.0222222 0.308758
0 0.507812 0.10463 0.015625 0.0277778 0.351677
0 0.418229 0.530556 0.084375 0.168519 0.404481
0 0.540625 0.0935185 0.0145833 0.0240741 0.520418
0 0.661979 0.143519 0.0239583 0.0425926 0.608703
0 0.381771 0.22963 0.0385417 0.0518519 0.705371
0 0.476042 0.176852 0.0270833 0.0462963 0.790274
0 0.853646 0.417593 0.078125 0.105556 0.826406
0 0.619271 0.143519 0.028125 0.0537037 0.833358
0 0.355729 0.411111 0.065625 0.107407 0.859616
0 0.678646 0.391667 0.0614583 0.0944444 0.863805
0 0.738021 0.303704 0.053125 0.0777778 0.868549
0 0.684375 0.193519 0.0354167 0.0648148 0.875086
0 0.532812 0.144444 0.028125 0.0444444 0.878878
0 0.436458 0.256481 0.04375 0.0833333 0.888394
0 0.477083 0.343519 0.0479167 0.0907407 0.914189
