0 0.457292 0.128704 0.0166667 0.0314815 0.0589128
0 0.195312 0.35463 0.084375 0.0981481 0.0673672
0 0.353646 0.27037 0.0510417 0.0518519 0.074099
0 0.836979 0.334259 0.046875 0.05 0.120737
0 0.714063 0.158333 0.028125 0.0425926 0.130782
0 0.605208 0.0851852 0.0125 0.0259259 0.139644
0 0.748958 0.647222 0.122917 0.164815 0.167
0 0.769792 0.214815 0.0395833 0.0555556 0.325642
0 0.665625 0.147222 0.0229167 0.0388889 0.385782
0 0.833854 0.32963 0.0760417 0.0740741 0.389092
0 0.147396 0.557407 0.113542 0.151852 0.427892
0 0.495833 0.127778 0.0208333 0.037037 0.503525
0 0.535417 0.115741 0.0208333 0.0388889 0.630488
0 0.686458 0.188889 0.0291667 0.0481481 0.651616
0 0.279167 0.359259 0.0604167 0.1 0.746107
0 0.504687 0.241667 0.040625 0.0611111 0.860092
0 0.639583 0.189815 0.0333333 0.0611111 0.873209
