0 0.15625 0.848148 0.154167 0.207407 0.0517264
0 0.646354 0.128704 0.0135417 0.0314815 0.0524481
0 0.558333 0.0916667 0.0104167 0.0166667 0.118905
0 0.846354 0.267593 0.0510417 0.0388889 0.139256
0 0.75625 0.765741 0.120833 0.164815 0.171031
0 0.665104 0.175 0.0322917 0.0425926 0.185557
0 0.266146 0.336111 0.0635417 0.0648148 0.193078
0 0.488542 0.132407 0.0145833 0.0314815 0.23886
0 0.619792 0.164815 0.0208333 0.0444444 0.292821
0 0.616667 0.125926 0.0125 0.0259259 0.35907
0 0.71875 0.181481 0.0229167 0.0407407 0.36506
0 0.227604 0.469444 0.0864583 0.0944444 0.399911
0 0.50625 0.184259 0.0229167 0.0351852 0.561924
0 0.880208 0.612963 0.104167 0.181481 0.567683
0 0.516667 0.139815 0.0166667 0.0277778 0.598851
0 0.628125 0.216667 0.03125 0.0518519 0.76262
0 0.779167 0.25463 0.0479167 0.0685185 0.77764
0 0.39375 0.367593 0.0479167 0.0981481 0.795547
0 0.497917 0.252778 0.04375 0.0759259 0.821508
0 0.548437 0.148148 0.0197917 0.0333333 0.847417
0 0.485938 0.353704 0.0489583 0.0851852 0.857251
0 0.7625 0.357407 0.0604167 0.0814815 0.867496
0 0.45 0.521296 0.0791667 0.112963 0.875094
0 0.666667 0.32963 0.0458333 0.0703704 0.898868
