0 0.689062 0.128704 0.015625 0.0314815 0.0518105
0 0.339583 0.853704 0.147917 0.188889 0.052497
0 0.647917 0.12037 0.01875 0.0333333 0.0980349
0 0.477083 0.139815 0.0166667 0.0314815 0.105898
0 0.725 0.173148 0.0291667 0.0314815 0.107995
0 0.610937 0.0888889 0.0114583 0.0222222 0.123949
0 0.765625 0.67037 0.122917 0.155556 0.166851
0 0.527083 0.105556 0.0145833 0.0296296 0.178593
0 0.958333 0.834259 0.0833333 0.153704 0.211423
0 0.0588542 0.52963 0.111458 0.140741 0.242087
0 0.557813 0.0907407 0.0114583 0.0185185 0.309198
0 0.5 0.161111 0.0229167 0.0333333 0.574317
0 0.852083 0.549074 0.102083 0.142593 0.690044
0 0.432813 0.414815 0.0760417 0.114815 0.74975
0 0.616667 0.143519 0.0229167 0.0425926 0.759891
0 0.838021 0.331481 0.0635417 0.0740741 0.796918
0 0.69375 0.207407 0.0333333 0.0481481 0.838343
0 0.644271 0.201852 0.0302083 0.0481481 0.844409
0 0.535417 0.185185 0.0270833 0.0444444 0.849145
0 0.746875 0.315741 0.0520833 0.0759259 0.861968
0 0.45625 0.251852 0.0416667 0.0666667 0.867082
0 0.669271 0.346296 0.0489583 0.0851852 0.896823
