0 0.590625 0.0944444 0.0125 0.0259259 0.0727186
0 0.515625 0.188889 0.0291667 0.0555556 0.157376
0 0.403646 0.222222 0.040625 0.0444444 0.175376
0 0.542188 0.0731481 0.015625 0.0351852 0.17818
0 0.886979 0.60463 0.103125 0.161111 0.225831
0 0.509896 0.0935185 0.0135417 0.0240741 0.288973
0 0.448438 0.142593 0.021875 0.0407407 0.432818
0 0.222396 0.319444 0.0739583 0.131481 0.476797
0 0.372917 0.24537 0.0395833 0.0574074 0.504027
0 0.707292 0.577778 0.0875 0.140741 0.512251
0 0.40625 0.208333 0.03125 0.05 0.549798
0 0.664583 0.177778 0.0270833 0.0444444 0.615048
0 0.477083 0.147222 0.0333333 0.0685185 0.651707
0 0.603125 0.114815 0.01875 0.0333333 0.679589
0 0.519792 0.175 0.0270833 0.0425926 0.74009
0 0.715625 0.233333 0.04375 0.0740741 0.748394
0 0.440625 0.247222 0.0395833 0.0574074 0.758311
0 0.5125 0.225 0.0354167 0.0537037 0.805068
0 0.414583 0.510185 0.075 0.127778 0.831839
0 0.625521 0.209259 0.034375 0.0518519 0.852815
0 0.353646 0.390741 0.0677083 0.118519 0.861728
0 0.483333 0.318519 0.05 0.0851852 0.87142
0 0.661979 0.346296 0.0572917 0.1 0.880438
