0 0.517187 0.12037 0.0135417 0.0333333 0.0543771
0 0.500521 0.139815 0.0260417 0.0425926 0.0824846
0 0.0114583 0.0638889 0.0208333 0.0314815 0.0844738
0 0.732813 0.2 0.034375 0.0444444 0.105648
0 0.626042 0.165741 0.0229167 0.0351852 0.155101
0 0.475 0.211111 0.0333333 0.0407407 0.338776
0 0.404167 0.226852 0.0333333 0.0537037 0.35579
0 0.666667 0.164815 0.0229167 0.0407407 0.409844
0 0.860417 0.563889 0.10625 0.131481 0.498512
0 0.5375 0.148148 0.0229167 0.0333333 0.501834
0 0.607813 0.112963 0.0177083 0.0296296 0.51303
0 0.784375 0.273148 0.0416667 0.05 0.551341
0 0.248958 0.424074 0.06875 0.114815 0.557768
0 0.694271 0.235185 0.034375 0.062963 0.574249
0 0.356771 0.30463 0.0427083 0.0574074 0.575499
0 0.627083 0.20463 0.0270833 0.0425926 0.58441
0 0.928646 0.456481 0.0885417 0.0944444 0.713432
0 0.707292 0.503704 0.0708333 0.122222 0.794586
0 0.526563 0.202778 0.0302083 0.0462963 0.806744
0 0.759896 0.353704 0.0614583 0.0814815 0.878438
0 0.364583 0.410185 0.0666667 0.0981481 0.891069
