0 0.510417 0.17037 0.0291667 0.0407407 0.0802536
0 0.518229 0.0740741 0.0114583 0.0296296 0.0960424
0 0.507812 0.0981481 0.0114583 0.0222222 0.138866
0 0.601562 0.108333 0.0177083 0.0314815 0.145638
0 0.541146 0.0796296 0.0135417 0.0296296 0.207989
0 0.508854 0.157407 0.0197917 0.0333333 0.240973
0 0.4375 0.225 0.0333333 0.05 0.298599
0 0.178646 0.356481 0.084375 0.131481 0.440225
0 0.658854 0.164815 0.021875 0.0407407 0.503262
0 0.391146 0.228704 0.0364583 0.0537037 0.559579
0 0.384375 0.626852 0.0854167 0.168519 0.585669
0 0.441146 0.153704 0.0260417 0.0444444 0.624751
0 0.352083 0.269444 0.0479167 0.0648148 0.688027
0 0.832812 0.512963 0.0989583 0.125926 0.690473
0 0.471354 0.161111 0.028125 0.062963 0.735521
0 0.515625 0.189815 0.0291667 0.0462963 0.738455
0 0.317187 0.462037 0.0864583 0.131481 0.743986
0 0.70625 0.216667 0.0416667 0.062963 0.753214
0 0.426562 0.276852 0.0427083 0.0648148 0.788968
0 0.685938 0.471296 0.0697917 0.116667 0.789759
0 0.506771 0.24537 0.0364583 0.0574074 0.790307
0 0.621875 0.194444 0.03125 0.0481481 0.831163
0 0.472396 0.357407 0.0572917 0.1 0.870874
0 0.651042 0.303704 0.0520833 0.0851852 0.888187
