0 0.348958 0.201852 0.0395833 0.0518519 0.119255
0 0.599479 0.0805556 0.0114583 0.0240741 0.195056
0 0.510417 0.1 0.0145833 0.0296296 0.199042
0 0.990625 0.617593 0.0145833 0.0907407 0.22988
0 0.610937 0.108333 0.015625 0.0314815 0.24283
0 0.542708 0.0842593 0.0145833 0.0351852 0.45027
0 0.382292 0.227778 0.0375 0.0555556 0.719654
0 0.527083 0.159259 0.0270833 0.0407407 0.760052
0 0.339063 0.293519 0.0447917 0.0685185 0.767826
0 0.69375 0.2 0.0354167 0.062963 0.822888
0 0.320833 0.472222 0.0833333 0.118519 0.828943
0 0.663021 0.291667 0.046875 0.0907407 0.836384
0 0.442187 0.431481 0.0677083 0.114815 0.88187
0 0.725521 0.271296 0.046875 0.0685185 0.884372
