0 0.521875 0.0768519 0.0104167 0.0203704 0.0865891
0 0.651563 0.12963 0.021875 0.0407407 0.121931
0 0.21875 0.677778 0.116667 0.151852 0.188745
0 0.605208 0.0944444 0.0166667 0.0333333 0.211709
0 0.506771 0.10463 0.0197917 0.0388889 0.311881
0 0.548437 0.0703704 0.0114583 0.0185185 0.351019
0 0.618229 0.121296 0.0177083 0.0314815 0.46321
0 0.367188 0.25 0.040625 0.0666667 0.595992
0 0.697917 0.216667 0.0375 0.0518519 0.705743
0 0.652083 0.27963 0.0479167 0.0777778 0.72436
0 0.808854 0.287037 0.0552083 0.0703704 0.788743
0 0.675521 0.417593 0.0760417 0.12037 0.791651
0 0.835417 0.443519 0.09375 0.116667 0.793722
0 0.395833 0.425 0.06875 0.105556 0.815164
0 0.635417 0.208333 0.0333333 0.05 0.827708
0 0.727083 0.281481 0.0520833 0.0703704 0.838222
0 0.538542 0.123148 0.0208333 0.0351852 0.84624
0 0.496875 0.230556 0.0354167 0.0611111 0.863745
