0 0.182292 0.689815 0.160417 0.194444 0.0663936
0 0.256771 0.964815 0.0635417 0.0703704 0.0728628
0 0.255729 0.973148 0.119792 0.0537037 0.154106
0 0.514583 0.0740741 0.0125 0.037037 0.186588
0 0.501562 0.178704 0.0239583 0.0388889 0.257823
0 0.540625 0.0824074 0.0145833 0.0314815 0.322497
0 0.419271 0.174074 0.0302083 0.0444444 0.369406
0 0.598958 0.0944444 0.0145833 0.0296296 0.440387
0 0.503646 0.101852 0.0177083 0.0296296 0.444828
0 0.648958 0.141667 0.0208333 0.0351852 0.50206
0 0.951042 0.491667 0.0979167 0.109259 0.626702
0 0.689583 0.180556 0.0354167 0.0537037 0.643705
0 0.458333 0.183333 0.03125 0.0777778 0.783416
0 0.411458 0.275 0.0458333 0.0611111 0.802897
0 0.614583 0.162037 0.025 0.0388889 0.804158
0 0.352083 0.271296 0.0416667 0.0611111 0.829163
0 0.657812 0.343519 0.0552083 0.0981481 0.832364
0 0.635417 0.236111 0.0416667 0.0648148 0.832395
0 0.389062 0.34537 0.0572917 0.087037 0.844016
0 0.493229 0.294444 0.0427083 0.0740741 0.84549
0 0.436458 0.482407 0.0729167 0.131481 0.85079
0 0.506771 0.222222 0.034375 0.0518519 0.853817
0 0.765625 0.375926 0.0645833 0.107407 0.875731
0 0.303646 0.332407 0.0614583 0.0759259 0.899347
