0 0.792188 0.602778 0.0427083 0.0796296 0.060481
0 0.514583 0.213889 0.025 0.0796296 0.0718884
0 0.405208 0.563889 0.0958333 0.112963 0.076695
0 0.505729 0.276852 0.040625 0.0685185 0.0877119
0 0.924479 0.336111 0.0677083 0.0685185 0.107593
0 0.514063 0.198148 0.0364583 0.0444444 0.120556
0 0.333333 0.300926 0.05625 0.0796296 0.142171
0 0.717708 0.168519 0.0229167 0.0407407 0.161047
0 0.513542 0.232407 0.03125 0.15 0.188815
0 0.655208 0.139815 0.01875 0.0351852 0.193342
0 0.190625 0.492593 0.0916667 0.118519 0.266294
0 0.620833 0.132407 0.0166667 0.0314815 0.31409
0 0.404687 0.59537 0.113542 0.216667 0.344027
0 0.327083 0.267593 0.0458333 0.0574074 0.357525
0 0.683854 0.202778 0.034375 0.0537037 0.374209
0 0.745833 0.209259 0.03125 0.0444444 0.415435
0 0.834375 0.321296 0.06875 0.0796296 0.540153
0 0.513542 0.251852 0.0375 0.0518519 0.56865
0 0.522396 0.141667 0.021875 0.0425926 0.571312
0 0.626562 0.187037 0.021875 0.0444444 0.601387
0 0.552604 0.122222 0.015625 0.0259259 0.601461
0 0.306771 0.573148 0.096875 0.161111 0.636096
0 0.859375 0.530556 0.102083 0.146296 0.679633
0 0.639583 0.25463 0.04375 0.0722222 0.764929
0 0.338021 0.325 0.0489583 0.0685185 0.788213
0 0.361458 0.444444 0.0708333 0.1 0.868891
0 0.445312 0.261111 0.0364583 0.0666667 0.876557
0 0.496875 0.330556 0.0458333 0.0759259 0.888088
0 0.698438 0.463889 0.0739583 0.109259 0.904694
