0 0.721875 0.162963 0.025 0.0444444 0.0609411
0 0.8375 0.934259 0.145833 0.112963 0.0724953
0 0.465104 0.127778 0.0177083 0.037037 0.0965242
0 0.55 0.0787037 0.0104167 0.0240741 0.100585
0 0.235938 0.351852 0.071875 0.0703704 0.125965
0 0.257812 0.649074 0.119792 0.157407 0.174736
0 0.498958 0.142593 0.01875 0.037037 0.184655
0 0.840104 0.319444 0.065625 0.05 0.287529
0 0.320833 0.249074 0.0395833 0.0537037 0.427036
0 0.458854 0.222222 0.0322917 0.0518519 0.428434
0 0.479688 0.186111 0.028125 0.0388889 0.459451
0 0.60625 0.114815 0.0208333 0.037037 0.481294
0 0.674479 0.175 0.028125 0.0425926 0.610783
0 0.504167 0.273148 0.0458333 0.0611111 0.616326
0 0.539062 0.140741 0.021875 0.037037 0.646072
0 0.858854 0.392593 0.0677083 0.103704 0.680751
0 0.38125 0.244444 0.0354167 0.0592593 0.693752
0 0.429167 0.267593 0.0541667 0.12037 0.754439
0 0.524479 0.188889 0.0302083 0.0481481 0.763953
0 0.615625 0.181481 0.0270833 0.0444444 0.81677
0 0.634896 0.221296 0.034375 0.0537037 0.836113
0 0.338542 0.307407 0.05 0.062963 0.838385
0 0.478125 0.357407 0.0541667 0.0888889 0.841258
0 0.667708 0.377778 0.0625 0.0962963 0.867302
0 0.700521 0.228704 0.0385417 0.0574074 0.87186
