0 0.639583 0.0962963 0.0145833 0.037037 0.0577455
0 0.7 0.176852 0.0333333 0.0425926 0.0599574
0 0.522917 0.0740741 0.0104167 0.0185185 0.0605356
0 0.783333 0.575926 0.05 0.0888889 0.102433
0 0.715625 0.159259 0.03125 0.0444444 0.248322
0 0.604167 0.0833333 0.0145833 0.0333333 0.36363
0 0.879167 0.571296 0.108333 0.190741 0.44769
0 0.96875 0.550926 0.0625 0.112963 0.591606
0 0.544271 0.0925926 0.015625 0.0259259 0.757235
0 0.467708 0.187037 0.0291667 0.0407407 0.783357
0 0.665104 0.14537 0.0260417 0.0388889 0.793743
0 0.525 0.165741 0.0291667 0.0462963 0.798159
0 0.616667 0.14537 0.0229167 0.0388889 0.826935
0 0.695833 0.194444 0.03125 0.0518519 0.827333
0 0.489062 0.317593 0.0552083 0.0981481 0.866622
0 0.636458 0.213889 0.0333333 0.0537037 0.875341
0 0.344271 0.458333 0.078125 0.112963 0.888756
