0 0.129167 0.57963 0.129167 0.166667 0.0543222
0 0.596875 0.0555556 0.00833333 0.0185185 0.064184
0 0.660937 0.121296 0.021875 0.0240741 0.123407
0 0.455208 0.137963 0.0208333 0.0351852 0.171328
0 0.607292 0.0694444 0.0125 0.0240741 0.174915
0 0.510938 0.0953704 0.0197917 0.0351852 0.181123
0 0.617708 0.109259 0.01875 0.037037 0.190949
0 0.320833 0.237963 0.0395833 0.0611111 0.21417
0 0.700521 0.125 0.0239583 0.0388889 0.246316
0 0.897917 0.602778 0.108333 0.161111 0.25827
0 0.507292 0.12963 0.0208333 0.0333333 0.484562
0 0.648438 0.208333 0.0322917 0.0574074 0.493908
0 0.781771 0.238889 0.040625 0.0518519 0.509294
0 0.729688 0.172222 0.0322917 0.037037 0.537466
0 0.9875 0.564815 0.0229167 0.0814815 0.561652
0 0.4875 0.161111 0.025 0.037037 0.671075
0 0.644271 0.260185 0.0427083 0.0537037 0.68746
0 0.547396 0.0935185 0.0177083 0.0314815 0.720101
0 0.63125 0.155556 0.025 0.0407407 0.720655
0 0.377083 0.25463 0.0416667 0.0611111 0.728224
0 0.540104 0.139815 0.021875 0.0351852 0.792464
0 0.501042 0.293519 0.04375 0.0759259 0.81529
0 0.764063 0.325926 0.0572917 0.0851852 0.83679
0 0.451042 0.228704 0.0375 0.0574074 0.838318
0 0.716146 0.232407 0.0385417 0.0574074 0.851002
0 0.402083 0.339815 0.05625 0.0833333 0.874693
0 0.66875 0.342593 0.0541667 0.0777778 0.880981
0 0.714063 0.481481 0.0760417 0.111111 0.891
