0 0.784896 0.572222 0.0510417 0.0888889 0.0545702
0 0.521354 0.075 0.009375 0.0203704 0.113775
0 0.0458333 0.535185 0.0916667 0.114815 0.126621
0 0.126042 0.553704 0.0875 0.177778 0.195304
0 0.286458 0.52963 0.1125 0.196296 0.228297
0 0.963021 0.346296 0.0739583 0.0962963 0.273294
0 0.605208 0.102778 0.0229167 0.0388889 0.274058
0 0.484375 0.0962963 0.0166667 0.037037 0.306157
0 0.654167 0.131481 0.0270833 0.0444444 0.423106
0 0.898958 0.607407 0.108333 0.140741 0.564212
0 0.683333 0.184259 0.03125 0.0425926 0.656532
0 0.286458 0.365741 0.06875 0.0944444 0.69541
0 0.948958 0.475 0.102083 0.131481 0.73143
0 0.618229 0.143519 0.021875 0.0388889 0.739296
0 0.639583 0.222222 0.0375 0.0703704 0.798502
0 0.465104 0.205556 0.0322917 0.0481481 0.852875
0 0.536458 0.0953704 0.0166667 0.0277778 0.854295
0 0.705208 0.523148 0.0854167 0.124074 0.862031
0 0.516667 0.20463 0.0333333 0.05 0.869774
