0 0.607292 0.0944444 0.01875 0.0296296 0.0583986
0 0.364062 0.17963 0.028125 0.0407407 0.0732749
0 0.385938 0.232407 0.046875 0.101852 0.0737537
0 0.622917 0.178704 0.0291667 0.0574074 0.115167
0 0.607813 0.111111 0.0239583 0.0555556 0.122626
0 0.866146 0.337963 0.0802083 0.0722222 0.14514
0 0.642187 0.110185 0.0197917 0.0351852 0.174482
0 0.526042 0.0601852 0.00833333 0.0166667 0.181116
0 0.663021 0.135185 0.021875 0.0333333 0.340805
0 0.495313 0.0787037 0.0135417 0.0277778 0.424963
0 0.759896 0.212963 0.0385417 0.0555556 0.487267
0 0.732292 0.174074 0.0291667 0.0407407 0.534377
0 0.382812 0.227778 0.034375 0.0555556 0.633027
0 0.460938 0.118519 0.0197917 0.0333333 0.708696
0 0.611458 0.125 0.0229167 0.0462963 0.752688
0 0.489062 0.146296 0.0239583 0.0407407 0.770212
0 0.541667 0.075 0.0145833 0.0240741 0.792616
0 0.721354 0.266667 0.0489583 0.0666667 0.805636
0 0.630208 0.192593 0.0354167 0.0481481 0.809012
0 0.677083 0.175 0.0333333 0.0537037 0.824487
0 0.532292 0.141667 0.025 0.0388889 0.841633
0 0.408854 0.276852 0.0510417 0.109259 0.842359
0 0.676042 0.337963 0.0625 0.116667 0.847109
0 0.324479 0.30463 0.0635417 0.0944444 0.854808
0 0.459375 0.413889 0.0625 0.112963 0.874577
