0 0.767187 0.172222 0.0302083 0.0333333 0.0537862
0 0.660417 0.150926 0.025 0.0351852 0.0738968
0 0.60625 0.1 0.0125 0.0259259 0.0894353
0 0.370313 0.249074 0.0510417 0.0537037 0.125151
0 0.894792 0.400926 0.0770833 0.0907407 0.161347
0 0.35625 0.234259 0.0354167 0.0574074 0.210835
0 0.6875 0.198148 0.0354167 0.0481481 0.218906
0 0.952604 0.790741 0.0947917 0.159259 0.298632
0 0.528125 0.127778 0.0166667 0.0333333 0.405489
0 0.622396 0.143519 0.0197917 0.0351852 0.430856
0 0.522396 0.196296 0.028125 0.0740741 0.473584
0 0.553125 0.110185 0.0145833 0.0240741 0.535244
0 0.73125 0.184259 0.0291667 0.0388889 0.578871
0 0.769792 0.237037 0.0354167 0.0555556 0.594532
0 0.379167 0.269444 0.0375 0.0537037 0.654201
0 0.745313 0.639815 0.105208 0.172222 0.676351
0 0.290104 0.364815 0.065625 0.0851852 0.706793
0 0.414583 0.332407 0.0520833 0.0722222 0.772465
0 0.701563 0.237963 0.034375 0.0537037 0.793969
0 0.632292 0.212963 0.0291667 0.0592593 0.806821
0 0.515625 0.267593 0.0375 0.0574074 0.811268
0 0.468229 0.217593 0.028125 0.0574074 0.83629
0 0.651563 0.30463 0.046875 0.0796296 0.855815
0 0.455208 0.409259 0.06875 0.114815 0.869287
0 0.383854 0.400926 0.0614583 0.0981481 0.909705
