0 0.232812 0.644444 0.159375 0.185185 0.0929958
0 0.731771 0.235185 0.046875 0.0666667 0.134665
0 0.648438 0.116667 0.021875 0.0444444 0.24132
0 0.545833 0.0787037 0.0125 0.0203704 0.426745
0 0.486458 0.148148 0.0229167 0.0296296 0.45964
0 0.207813 0.458333 0.078125 0.109259 0.460728
0 0.742708 0.20463 0.0354167 0.0537037 0.489982
0 0.607813 0.1 0.0197917 0.0333333 0.615743
0 0.68125 0.180556 0.03125 0.05 0.760505
0 0.628125 0.188889 0.0291667 0.0444444 0.796532
0 0.53125 0.131481 0.0229167 0.037037 0.807545
0 0.511979 0.22963 0.0385417 0.0703704 0.811336
0 0.728646 0.269444 0.0489583 0.0574074 0.817249
0 0.658333 0.3 0.0458333 0.0814815 0.840228
0 0.414583 0.307407 0.05 0.0740741 0.888591
