0 0.449479 0.160185 0.028125 0.05 0.050719
0 0.617188 0.0611111 0.0114583 0.0222222 0.0768413
0 0.0588542 0.685185 0.117708 0.151852 0.0947289
0 0.526042 0.175926 0.0291667 0.0555556 0.102043
0 0.820312 0.3 0.0572917 0.0444444 0.102112
0 0.966146 0.348148 0.0635417 0.0740741 0.1145
0 0.541667 0.101852 0.0145833 0.037037 0.116926
0 0.657292 0.125926 0.0208333 0.037037 0.128909
0 0.369271 0.709259 0.119792 0.148148 0.164225
0 0.889583 0.594444 0.0958333 0.244444 0.222676
0 0.491667 0.087037 0.0125 0.0259259 0.247779
0 0.449479 0.144444 0.021875 0.037037 0.288094
0 0.973958 0.556481 0.0520833 0.131481 0.301649
0 0.542188 0.0787037 0.015625 0.0240741 0.324372
0 0.497396 0.125926 0.021875 0.0296296 0.484689
0 0.403125 0.224074 0.0375 0.0555556 0.537718
0 0.513021 0.102778 0.0177083 0.0314815 0.574268
0 0.541146 0.112963 0.0197917 0.0333333 0.609058
0 0.727083 0.562037 0.0916667 0.124074 0.692385
0 0.529688 0.147222 0.0239583 0.0351852 0.73838
0 0.619792 0.119444 0.0229167 0.0425926 0.778809
0 0.459375 0.206481 0.0354167 0.0537037 0.846232
0 0.649479 0.272222 0.0489583 0.0777778 0.865935
0 0.519271 0.201852 0.0322917 0.0592593 0.895986
