0 0.630208 0.0953704 0.0125 0.0277778 0.0803526
0 0.660937 0.148148 0.021875 0.0333333 0.0820384
0 0.247917 0.317593 0.0604167 0.0648148 0.1128
0 0.772396 0.185185 0.028125 0.037037 0.115032
0 0.510938 0.114815 0.0197917 0.0296296 0.144546
0 0.490104 0.185185 0.0322917 0.0481481 0.148139
0 0.606771 0.117593 0.0177083 0.0388889 0.183959
0 0.701563 0.140741 0.021875 0.0444444 0.244805
0 0.544792 0.109259 0.0145833 0.0296296 0.250564
0 0.436458 0.175926 0.025 0.0444444 0.269947
0 0.617708 0.161111 0.0291667 0.0481481 0.323335
0 0.458854 0.15463 0.0197917 0.0314815 0.349156
0 0.652604 0.261111 0.0364583 0.0518519 0.474481
0 0.819792 0.230556 0.05625 0.0685185 0.496015
0 0.876042 0.385185 0.0791667 0.0814815 0.589955
0 0.827604 0.300926 0.0614583 0.0611111 0.610297
0 0.244792 0.416667 0.08125 0.114815 0.675789
0 0.479167 0.183333 0.025 0.037037 0.684074
0 0.668229 0.311111 0.0572917 0.0703704 0.685589
0 0.646875 0.188889 0.0291667 0.0518519 0.695586
0 0.690625 0.22037 0.0354167 0.0481481 0.770639
0 0.742188 0.207407 0.034375 0.0518519 0.796668
0 0.365104 0.322222 0.0552083 0.0703704 0.81518
0 0.492188 0.323148 0.046875 0.0796296 0.832359
0 0.732813 0.289815 0.053125 0.0648148 0.84441
0 0.689583 0.469444 0.075 0.109259 0.855187
0 0.514063 0.2 0.0364583 0.0592593 0.898327
