0 0.615104 0.0935185 0.015625 0.0314815 0.0553288
0 0.554167 0.0518519 0.0104167 0.0259259 0.0720591
0 0.751562 0.131481 0.0197917 0.037037 0.0972912
0 0.105729 0.62037 0.126042 0.151852 0.165736
0 0.939062 0.643519 0.121875 0.146296 0.202123
0 0.245312 0.647222 0.117708 0.161111 0.218429
0 0.894792 0.263889 0.0625 0.0611111 0.230169
0 0.513542 0.0842593 0.0208333 0.0425926 0.281052
0 0.622396 0.143519 0.0197917 0.0351852 0.295755
0 0.713021 0.131481 0.021875 0.0333333 0.347832
0 0.74375 0.55463 0.1 0.153704 0.356422
0 0.669271 0.139815 0.0239583 0.0351852 0.367125
0 0.803646 0.244444 0.053125 0.0703704 0.434324
0 0.909375 0.385185 0.075 0.0851852 0.536194
0 0.633854 0.176852 0.0302083 0.05 0.583205
0 0.692187 0.171296 0.028125 0.0388889 0.706651
0 0.389062 0.225 0.0364583 0.0537037 0.742718
0 0.652604 0.22963 0.0364583 0.0555556 0.747049
0 0.780729 0.328704 0.0635417 0.087037 0.767187
0 0.66875 0.319444 0.0645833 0.101852 0.814828
0 0.732292 0.255556 0.0416667 0.0814815 0.829649
0 0.482812 0.15463 0.0322917 0.0537037 0.832101
0 0.452083 0.236111 0.0395833 0.0685185 0.845648
0 0.528646 0.15463 0.0302083 0.0537037 0.869379
0 0.493229 0.287963 0.0510417 0.0759259 0.86946
0 0.398438 0.328704 0.0552083 0.087037 0.914156
