0 0.623438 0.100926 0.0135417 0.0240741 0.0614845
0 0.639583 0.131481 0.0145833 0.0333333 0.0959726
0 0.502604 0.12037 0.0135417 0.0259259 0.167294
0 0.273438 0.622222 0.0927083 0.218519 0.206936
0 0.530208 0.133333 0.0208333 0.037037 0.272767
0 0.805729 0.303704 0.0614583 0.0518519 0.362972
0 0.599479 0.121296 0.0197917 0.0388889 0.548024
0 0.517187 0.164815 0.0239583 0.0407407 0.598812
0 0.846875 0.583333 0.1 0.133333 0.749806
0 0.235938 0.421296 0.084375 0.105556 0.776074
0 0.488021 0.144444 0.021875 0.0407407 0.782399
0 0.439063 0.241667 0.0385417 0.0574074 0.821747
0 0.635417 0.266667 0.0395833 0.062963 0.829795
0 0.608333 0.191667 0.0270833 0.0425926 0.86056
0 0.470833 0.306481 0.0458333 0.0722222 0.861479
0 0.367188 0.390741 0.0635417 0.1 0.862078
0 0.45 0.476852 0.075 0.109259 0.868496
