0 0.8 0.298148 0.01875 0.0481481 0.0652119
0 0.60625 0.108333 0.0145833 0.0314815 0.083892
0 0.634896 0.1 0.0177083 0.0296296 0.095236
0 0.189063 0.762037 0.136458 0.15 0.0967953
0 0.651563 0.139815 0.0177083 0.0277778 0.114131
0 0.482292 0.183333 0.0291667 0.0518519 0.375429
0 0.539583 0.12963 0.01875 0.0333333 0.448289
0 0.419792 0.2 0.03125 0.0481481 0.503459
0 0.771354 0.241667 0.0385417 0.05 0.524493
0 0.634375 0.19537 0.03125 0.0462963 0.654949
0 0.351042 0.283333 0.0541667 0.0814815 0.677416
0 0.614583 0.143519 0.0229167 0.0388889 0.686686
0 0.455208 0.226852 0.03125 0.0611111 0.804838
0 0.460938 0.45 0.0677083 0.107407 0.824111
0 0.647396 0.256481 0.0489583 0.0833333 0.825821
0 0.678646 0.187963 0.0364583 0.0685185 0.843983
0 0.382292 0.367593 0.05625 0.087037 0.844371
0 0.750521 0.330556 0.065625 0.105556 0.847953
0 0.670313 0.393519 0.0614583 0.0981481 0.8912
