0 0.596354 0.0638889 0.009375 0.0203704 0.0632401
0 0.328125 0.233333 0.04375 0.0555556 0.0678508
0 0.4875 0.087037 0.0125 0.0259259 0.0771509
0 0.667188 0.118519 0.0177083 0.0333333 0.181509
0 0.297917 0.918519 0.116667 0.122222 0.231571
0 0.641667 0.1 0.01875 0.0296296 0.307058
0 0.785937 0.253704 0.0489583 0.0592593 0.320662
0 0.931771 0.42037 0.0760417 0.0851852 0.406547
0 0.545313 0.0787037 0.015625 0.0277778 0.491444
0 0.514063 0.0916667 0.0177083 0.0277778 0.502436
0 0.411458 0.188889 0.0291667 0.0481481 0.575598
0 0.602604 0.0944444 0.0135417 0.0296296 0.622126
0 0.614583 0.125926 0.0229167 0.0333333 0.7204
0 0.533854 0.137037 0.021875 0.037037 0.761813
0 0.382292 0.237963 0.0395833 0.0611111 0.76707
0 0.685417 0.394444 0.0645833 0.137037 0.778642
0 0.480729 0.312963 0.0510417 0.0888889 0.859111
0 0.714063 0.24537 0.0385417 0.0685185 0.865169
0 0.758854 0.35 0.0572917 0.0888889 0.868842
0 0.385417 0.346296 0.05625 0.0888889 0.902866
