0 0.546354 0.0759259 0.0114583 0.0222222 0.415459
0 0.300521 0.526852 0.105208 0.194444 0.534029
0 0.608333 0.105556 0.01875 0.0407407 0.632505
0 0.755208 0.226852 0.0395833 0.0611111 0.68736
0 0.533854 0.126852 0.0197917 0.0314815 0.710767
0 0.653646 0.126852 0.0239583 0.0462963 0.726661
0 0.75 0.312963 0.0604167 0.0814815 0.798954
0 0.490625 0.143519 0.0229167 0.0351852 0.816562
0 0.256771 0.399074 0.0739583 0.0944444 0.83864
0 0.669271 0.347222 0.053125 0.0981481 0.866704
0 0.6875 0.197222 0.0333333 0.0537037 0.877541
0 0.429688 0.275926 0.0427083 0.0703704 0.890475
0 0.517187 0.214815 0.0385417 0.0666667 0.891195
0 0.633854 0.210185 0.0322917 0.05 0.917376
