0 0.0739583 0.662037 0.133333 0.175926 0.0623327
0 0.219792 0.701852 0.120833 0.17037 0.164831
0 0.626042 0.187963 0.0333333 0.0574074 0.181161
0 0.638021 0.116667 0.015625 0.0296296 0.2174
0 0.594792 0.0824074 0.0125 0.0240741 0.258636
0 0.539583 0.107407 0.0145833 0.0296296 0.281445
0 0.494271 0.131481 0.0197917 0.0333333 0.3093
0 0.664583 0.141667 0.025 0.0462963 0.618201
0 0.413021 0.277778 0.0552083 0.133333 0.635454
0 0.807292 0.288889 0.0541667 0.0740741 0.672544
0 0.620833 0.167593 0.0270833 0.05 0.677619
0 0.357292 0.262037 0.0458333 0.0648148 0.679497
0 0.20625 0.477778 0.0833333 0.103704 0.786669
0 0.435417 0.527778 0.0791667 0.144444 0.786748
0 0.484375 0.263889 0.0395833 0.0648148 0.789484
0 0.605729 0.126852 0.021875 0.0314815 0.835857
0 0.705729 0.24537 0.0385417 0.0611111 0.859121
0 0.472917 0.347222 0.05 0.087037 0.86071
0 0.308854 0.49537 0.0802083 0.12037 0.876397
0 0.635938 0.223148 0.0364583 0.0611111 0.876511
0 0.673958 0.37963 0.0604167 0.107407 0.888976
