0 0.603646 0.0842593 0.0135417 0.0203704 0.0728747
0 0.0630208 0.933333 0.126042 0.1 0.179372
0 0.516667 0.0898148 0.0125 0.0203704 0.287032
0 0.427083 0.171296 0.0291667 0.0314815 0.291606
0 0.3 0.327778 0.0645833 0.0592593 0.297157
0 0.7625 0.224074 0.0416667 0.0444444 0.387629
0 0.544271 0.0787037 0.0114583 0.0203704 0.423079
0 0.608854 0.113889 0.0197917 0.0277778 0.643852
0 0.496354 0.137963 0.021875 0.0388889 0.72165
0 0.830208 0.511111 0.09375 0.12963 0.732859
0 0.477604 0.176852 0.0322917 0.0574074 0.754166
0 0.510417 0.224074 0.0354167 0.062963 0.79885
0 0.222396 0.443519 0.0864583 0.105556 0.803799
0 0.540104 0.117593 0.0197917 0.0351852 0.816654
0 0.726562 0.312037 0.0552083 0.0981481 0.825806
0 0.442187 0.489815 0.0739583 0.116667 0.846036
0 0.436979 0.253704 0.040625 0.0592593 0.856883
0 0.325 0.523148 0.09375 0.135185 0.857527
0 0.633854 0.207407 0.0385417 0.0740741 0.865512
0 0.489062 0.30463 0.053125 0.0944444 0.869736
0 0.701563 0.226852 0.0364583 0.0574074 0.878769
