0 0.619271 0.174074 0.0302083 0.0555556 0.066438
0 0.046875 0.733333 0.09375 0.148148 0.0931526
0 0.353125 0.825926 0.15625 0.181481 0.0988201
0 0.164583 0.783333 0.139583 0.159259 0.105053
0 0.542188 0.0944444 0.0135417 0.0222222 0.1411
0 0.751562 0.761111 0.126042 0.155556 0.154812
0 0.505208 0.119444 0.0208333 0.0351852 0.158041
0 0.657292 0.132407 0.01875 0.0388889 0.185919
0 0.370833 0.366667 0.075 0.12963 0.309932
0 0.604167 0.121296 0.0145833 0.0277778 0.312063
0 0.486979 0.15463 0.0239583 0.0425926 0.500054
0 0.5375 0.127778 0.01875 0.0333333 0.669754
0 0.299479 0.344444 0.0635417 0.0851852 0.696519
0 0.614583 0.152778 0.0229167 0.0388889 0.711748
0 0.467187 0.330556 0.0510417 0.0907407 0.836506
0 0.690104 0.214815 0.0364583 0.0555556 0.839326
0 0.628646 0.194444 0.028125 0.0518519 0.858155
0 0.442187 0.473148 0.071875 0.109259 0.879215
0 0.655208 0.300926 0.0479167 0.087037 0.907993
