0 0.009375 0.0277778 0.0145833 0.0481481 0.0617018
0 0.7875 0.593518 0.05 0.0981481 0.062575
0 0.680729 0.134259 0.0135417 0.0314815 0.0839957
0 0.466667 0.152778 0.0166667 0.0277778 0.0876895
0 0.546354 0.108333 0.0135417 0.0314815 0.0934055
0 0.513021 0.115741 0.015625 0.0277778 0.113152
0 0.444792 0.166667 0.0229167 0.0407407 0.113801
0 0.282292 0.285185 0.05625 0.0555556 0.130576
0 0.666667 0.164815 0.0208333 0.0333333 0.170937
0 0.608333 0.128704 0.0208333 0.0425926 0.247458
0 0.655729 0.287963 0.0364583 0.0574074 0.4096
0 0.842708 0.257407 0.06875 0.0851852 0.526248
0 0.708333 0.153704 0.025 0.0481481 0.598229
0 0.848958 0.338889 0.0645833 0.0666667 0.66275
0 0.714583 0.543519 0.0833333 0.116667 0.679568
0 0.382812 0.291667 0.0447917 0.0611111 0.691548
0 0.619792 0.175926 0.0270833 0.0407407 0.726167
0 0.486979 0.175926 0.0260417 0.0444444 0.741653
0 0.915104 0.441667 0.096875 0.0981481 0.748331
0 0.286458 0.369444 0.0645833 0.101852 0.767215
0 0.676042 0.351852 0.0625 0.1 0.770441
0 0.749479 0.325926 0.059375 0.0814815 0.783963
0 0.754167 0.226852 0.0395833 0.0611111 0.791981
0 0.700521 0.243519 0.0385417 0.0537037 0.79358
0 0.647917 0.211111 0.03125 0.0518519 0.844361
0 0.520833 0.190741 0.0333333 0.0555556 0.853407
0 0.503125 0.289815 0.0416667 0.0648148 0.857212
