0 0.658333 0.110185 0.01875 0.0388889 0.0522221
0 0.979167 0.414815 0.0416667 0.0814815 0.141305
0 0.322917 0.211111 0.0604167 0.0666667 0.145268
0 0.686979 0.157407 0.0239583 0.0407407 0.147608
0 0.196875 0.676852 0.120833 0.15 0.172184
0 0.579687 0.075 0.0135417 0.0314815 0.17926
0 0.528646 0.0990741 0.015625 0.0314815 0.213781
0 0.616667 0.103704 0.0145833 0.0296296 0.216662
0 0.484375 0.127778 0.01875 0.0333333 0.298256
0 0.600521 0.136111 0.021875 0.0314815 0.298825
0 0.448438 0.205556 0.0302083 0.0407407 0.353515
0 0.717708 0.188889 0.0333333 0.0444444 0.370925
0 0.656771 0.172222 0.028125 0.037037 0.381696
0 0.938542 0.509259 0.1125 0.125926 0.418493
0 0.748438 0.222222 0.0427083 0.0481481 0.494038
0 0.848437 0.581481 0.103125 0.144444 0.613885
0 0.602604 0.17037 0.0239583 0.0333333 0.629382
0 0.521875 0.130556 0.01875 0.0314815 0.703485
0 0.678125 0.231481 0.0395833 0.0555556 0.757602
0 0.621875 0.232407 0.0375 0.0537037 0.770132
0 0.176042 0.501852 0.102083 0.114815 0.772727
0 0.691146 0.541667 0.078125 0.116667 0.829892
0 0.642187 0.322222 0.0552083 0.0925926 0.862966
