0 0.648958 0.122222 0.0270833 0.0296296 0.0620208
0 0.809896 0.881481 0.151042 0.159259 0.0724569
0 0.551042 0.05 0.00625 0.0148148 0.0789787
0 0.604688 0.0898148 0.015625 0.0277778 0.0965949
0 0.938021 0.675926 0.123958 0.166667 0.124358
0 0.616667 0.114815 0.01875 0.0296296 0.140914
0 0.521875 0.0814815 0.0104167 0.0222222 0.181618
0 0.548437 0.0759259 0.0114583 0.0185185 0.38909
0 0.502604 0.108333 0.0197917 0.0425926 0.461502
0 0.789062 0.257407 0.046875 0.0592593 0.539012
0 0.345833 0.280556 0.0479167 0.0722222 0.607032
0 0.632292 0.192593 0.0291667 0.0444444 0.663309
0 0.644792 0.25463 0.0395833 0.0611111 0.70875
0 0.363542 0.526852 0.0875 0.142593 0.762625
0 0.805729 0.386111 0.0760417 0.101852 0.804162
0 0.663021 0.363889 0.065625 0.105556 0.81709
0 0.715104 0.257407 0.046875 0.0666667 0.832657
0 0.690625 0.2 0.0333333 0.0518519 0.837198
0 0.4875 0.259259 0.04375 0.0666667 0.854377
0 0.536458 0.133333 0.0229167 0.037037 0.873601
