0 0.556771 0.0601852 0.009375 0.0240741 0.0666932
0 0.520312 0.111111 0.015625 0.0333333 0.0719136
0 0.324479 0.694444 0.130208 0.2 0.0788436
0 0.805729 0.817593 0.148958 0.175926 0.0964122
0 0.976042 0.388889 0.0479167 0.0851852 0.153048
0 0.613542 0.115741 0.0208333 0.0351852 0.241807
0 0.781771 0.24537 0.0447917 0.0425926 0.298756
0 0.55625 0.0944444 0.0145833 0.0222222 0.509592
0 0.673437 0.15463 0.0260417 0.0425926 0.515895
0 0.935938 0.415741 0.0822917 0.109259 0.724594
0 0.634896 0.153704 0.0239583 0.0407407 0.756958
0 0.85 0.492593 0.09375 0.118519 0.773644
0 0.771875 0.363889 0.0625 0.087037 0.785066
0 0.713542 0.233333 0.0395833 0.0555556 0.794622
0 0.483333 0.186111 0.03125 0.0462963 0.804491
0 0.398958 0.348148 0.0541667 0.111111 0.86052
0 0.700521 0.4 0.0635417 0.114815 0.886603
0 0.651563 0.246296 0.0385417 0.0666667 0.889094
0 0.521354 0.238889 0.040625 0.062963 0.903503
