0 0.440104 0.14537 0.0239583 0.0351852 0.0541001
0 0.778125 0.583333 0.0375 0.0814815 0.0634848
0 0.529688 0.122222 0.0177083 0.0407407 0.104882
0 0.247396 0.316667 0.0677083 0.0740741 0.233054
0 0.463021 0.12037 0.015625 0.0333333 0.252069
0 0.595312 0.0935185 0.015625 0.0314815 0.508897
0 0.873958 0.533333 0.10625 0.159259 0.512666
0 0.491667 0.140741 0.0229167 0.037037 0.631706
0 0.467187 0.184259 0.0302083 0.0462963 0.709375
0 0.602083 0.137037 0.0208333 0.0333333 0.755307
0 0.505729 0.215741 0.0302083 0.0462963 0.764419
0 0.524479 0.166667 0.0260417 0.0444444 0.778064
0 0.409375 0.512037 0.0770833 0.131481 0.822199
0 0.735417 0.325926 0.0541667 0.0851852 0.841106
0 0.619792 0.178704 0.0291667 0.0462963 0.843228
0 0.699479 0.490741 0.0822917 0.114815 0.867244
0 0.372396 0.362037 0.0697917 0.0907407 0.889137
