0 0.754167 0.211111 0.03125 0.0333333 0.0535072
0 0.497917 0.155556 0.025 0.0407407 0.0588374
0 0.600521 0.0990741 0.0135417 0.0351852 0.0907178
0 0.119271 0.79537 0.138542 0.187037 0.10075
0 0.357812 0.79537 0.128125 0.198148 0.114357
0 0.543229 0.118519 0.015625 0.0259259 0.141284
0 0.725 0.137037 0.0208333 0.0407407 0.174898
0 0.441667 0.175 0.0229167 0.0388889 0.220772
0 0.909375 0.656482 0.122917 0.142593 0.220787
0 0.883854 0.400926 0.084375 0.087037 0.273281
0 0.6125 0.128704 0.01875 0.0314815 0.403176
0 0.774479 0.251852 0.0489583 0.0555556 0.411443
0 0.645833 0.142593 0.01875 0.037037 0.411729
0 0.704167 0.160185 0.0229167 0.0388889 0.426435
0 0.663542 0.166667 0.0229167 0.0407407 0.449058
0 0.372917 0.266667 0.0375 0.062963 0.53236
0 0.750521 0.164815 0.0322917 0.0481481 0.595701
0 0.536979 0.151852 0.0197917 0.0333333 0.611734
0 0.636458 0.20463 0.0395833 0.0574074 0.669003
0 0.416667 0.214815 0.0333333 0.0481481 0.704876
0 0.686979 0.205556 0.0322917 0.0518519 0.821411
0 0.740625 0.339815 0.0583333 0.101852 0.8301
0 0.438542 0.27037 0.0395833 0.0592593 0.830417
0 0.458854 0.356481 0.0572917 0.105556 0.850219
0 0.641667 0.272222 0.0458333 0.0592593 0.850767
