0 0.682292 0.114815 0.01875 0.0333333 0.0753529
0 0.0229167 0.582407 0.0458333 0.109259 0.104545
0 0.455208 0.227778 0.0354167 0.0592593 0.116352
0 0.218229 0.725 0.117708 0.146296 0.171031
0 0.5375 0.118519 0.0229167 0.0407407 0.181225
0 0.108854 0.607407 0.103125 0.144444 0.215576
0 0.489583 0.152778 0.0208333 0.0388889 0.254538
0 0.609375 0.108333 0.025 0.0388889 0.419026
0 0.650521 0.121296 0.0239583 0.0425926 0.518477
0 0.529167 0.15463 0.0229167 0.0388889 0.538314
0 0.420833 0.266667 0.0604167 0.1 0.628769
0 0.616667 0.148148 0.0229167 0.037037 0.705174
0 0.518229 0.205556 0.034375 0.0518519 0.771428
0 0.283333 0.385185 0.0666667 0.0888889 0.782622
0 0.678646 0.180556 0.0302083 0.0462963 0.792531
0 0.639583 0.247222 0.0375 0.0611111 0.842879
0 0.34375 0.42037 0.08125 0.118519 0.849491
0 0.490104 0.293519 0.046875 0.0685185 0.902757
