0 0.509896 0.0981481 0.0114583 0.0259259 0.0531161
0 0.478646 0.177778 0.0302083 0.0481481 0.0553506
0 0.539583 0.100926 0.0166667 0.0314815 0.0693227
0 0.194792 0.374074 0.075 0.0740741 0.095011
0 0.695312 0.139815 0.021875 0.0351852 0.127038
0 0.234896 0.662963 0.117708 0.162963 0.144461
0 0.427604 0.172222 0.0239583 0.0444444 0.169924
0 0.534375 0.131481 0.0166667 0.0296296 0.188814
0 0.500521 0.128704 0.015625 0.0314815 0.224664
0 0.638021 0.106481 0.0197917 0.0388889 0.238071
0 0.615104 0.137037 0.028125 0.0444444 0.535195
0 0.358333 0.282407 0.04375 0.0537037 0.677736
0 0.663021 0.153704 0.0302083 0.0518519 0.736389
0 0.527604 0.166667 0.0239583 0.0407407 0.736643
0 0.454688 0.203704 0.040625 0.0888889 0.75366
0 0.5125 0.222222 0.0354167 0.0481481 0.760047
0 0.622917 0.186111 0.03125 0.0425926 0.794772
0 0.271354 0.396296 0.065625 0.103704 0.810546
0 0.414062 0.287037 0.0489583 0.0777778 0.819791
0 0.70625 0.238889 0.04375 0.062963 0.831116
0 0.370833 0.409259 0.0708333 0.0962963 0.860092
0 0.661458 0.351852 0.0520833 0.0851852 0.896002
