0 0.65625 0.146296 0.01875 0.0333333 0.0601551
0 0.606771 0.115741 0.015625 0.0277778 0.0707064
0 0.307813 0.90463 0.144792 0.161111 0.0866545
0 0.488021 0.167593 0.0322917 0.05 0.176676
0 0.541667 0.123148 0.0208333 0.0314815 0.39468
0 0.273958 0.614815 0.110417 0.207407 0.54288
0 0.785937 0.262963 0.053125 0.0592593 0.558505
0 0.369271 0.25463 0.046875 0.0833333 0.662961
0 0.428646 0.187963 0.0260417 0.0462963 0.674626
0 0.639063 0.212963 0.0385417 0.0592593 0.696157
0 0.617708 0.152778 0.025 0.0425926 0.714497
0 0.776042 0.376852 0.075 0.109259 0.82995
0 0.683854 0.448148 0.065625 0.111111 0.844008
0 0.653125 0.283333 0.05 0.0851852 0.84646
0 0.686979 0.206481 0.0385417 0.0722222 0.851253
0 0.464583 0.210185 0.03125 0.0611111 0.860676
0 0.403125 0.328704 0.05 0.0759259 0.860806
0 0.477083 0.385185 0.0604167 0.0962963 0.900992
