0 0.658333 0.164815 0.0229167 0.037037 0.0562478
0 0.557813 0.100926 0.009375 0.0203704 0.0592971
0 0.370833 0.816667 0.13125 0.192593 0.0887946
0 0.977604 0.938889 0.0447917 0.103704 0.104279
0 0.531771 0.114815 0.0114583 0.0222222 0.162061
0 0.614583 0.12037 0.0125 0.0259259 0.171367
0 0.754167 0.226852 0.0375 0.0537037 0.484613
0 0.206771 0.397222 0.078125 0.0759259 0.558344
0 0.511979 0.153704 0.0197917 0.0333333 0.666276
0 0.941667 0.489815 0.1 0.105556 0.697851
0 0.623438 0.189815 0.028125 0.0462963 0.769074
0 0.329688 0.486111 0.0697917 0.135185 0.793401
0 0.490104 0.210185 0.0302083 0.05 0.809088
0 0.704167 0.538889 0.075 0.118519 0.825659
0 0.654688 0.277778 0.0364583 0.0592593 0.833273
0 0.480729 0.306481 0.053125 0.0944444 0.854013
0 0.729688 0.29537 0.0427083 0.0685185 0.858021
0 0.454167 0.469444 0.0645833 0.105556 0.873693
0 0.544271 0.167593 0.0239583 0.0388889 0.8999
0 0.806771 0.465741 0.078125 0.101852 0.913795
