0 0.914062 0.669444 0.0802083 0.124074 0.0697106
0 0.688021 0.140741 0.0197917 0.0407407 0.135819
0 0.913021 0.692593 0.136458 0.155556 0.137032
0 0.365104 0.617593 0.121875 0.161111 0.144591
0 0.482292 0.194444 0.03125 0.0444444 0.242573
0 0.608333 0.115741 0.0145833 0.0314815 0.335218
0 0.415104 0.212037 0.034375 0.0462963 0.346291
0 0.671875 0.173148 0.0270833 0.0351852 0.373666
0 0.290104 0.373148 0.0614583 0.116667 0.383798
0 0.539583 0.139815 0.0208333 0.0314815 0.406133
0 0.742708 0.209259 0.0354167 0.0481481 0.453002
0 0.653646 0.142593 0.0177083 0.0333333 0.45675
0 0.627604 0.168519 0.0302083 0.0518519 0.46563
0 0.804167 0.296296 0.0541667 0.0555556 0.558373
0 0.528646 0.185185 0.0260417 0.0407407 0.586648
0 0.722396 0.140741 0.0260417 0.0444444 0.664979
0 0.373958 0.276852 0.0354167 0.0537037 0.676517
0 0.703125 0.251852 0.04375 0.0814815 0.6948
0 0.732813 0.594444 0.0885417 0.125926 0.758409
0 0.961979 0.523148 0.0760417 0.109259 0.774609
0 0.388542 0.363889 0.0583333 0.087037 0.777354
0 0.63125 0.219444 0.03125 0.05 0.778817
0 0.783854 0.399074 0.0739583 0.0907407 0.866108
