0 0.346875 0.811111 0.14375 0.155556 0.075798
0 0.522917 0.0694444 0.0104167 0.0203704 0.0983931
0 0.434375 0.144444 0.0229167 0.037037 0.176623
0 0.979688 0.569444 0.040625 0.105556 0.217076
0 0.4875 0.0916667 0.0166667 0.0314815 0.268181
0 0.947917 0.736111 0.104167 0.142593 0.277438
0 0.721875 0.164815 0.0333333 0.0444444 0.46012
0 0.606771 0.106481 0.021875 0.0425926 0.4706
0 0.327604 0.434259 0.090625 0.17963 0.540231
0 0.319792 0.317593 0.0583333 0.0796296 0.587821
0 0.201042 0.462037 0.104167 0.146296 0.605732
0 0.658854 0.138889 0.0260417 0.0444444 0.670993
0 0.538021 0.0888889 0.015625 0.0259259 0.687198
0 0.619792 0.150926 0.025 0.0425926 0.711449
0 0.730208 0.626852 0.0895833 0.15 0.736715
0 0.691146 0.201852 0.0364583 0.0518519 0.747449
0 0.520312 0.182407 0.0302083 0.0462963 0.823568
0 0.472396 0.187037 0.0302083 0.0481481 0.88349
0 0.647917 0.239815 0.05 0.0759259 0.888038
