0 0.979688 0.919444 0.040625 0.127778 0.0538638
0 0.810938 0.884259 0.157292 0.153704 0.0664867
0 0.54375 0.0731481 0.0125 0.0203704 0.0845242
0 0.425 0.185185 0.0291667 0.037037 0.0849402
0 0.533854 0.126852 0.0177083 0.0314815 0.0891975
0 0.211979 0.460185 0.0864583 0.112963 0.0905926
0 0.0151042 0.772222 0.0302083 0.107407 0.0928071
0 0.665625 0.143519 0.0208333 0.0351852 0.157575
0 0.893229 0.40463 0.0760417 0.0833333 0.259381
0 0.517708 0.0916667 0.0145833 0.0240741 0.283755
0 0.542708 0.0972222 0.0166667 0.0314815 0.500416
0 0.503646 0.112963 0.015625 0.0296296 0.545868
0 0.4625 0.125 0.0208333 0.0314815 0.550646
0 0.625 0.137963 0.0229167 0.0388889 0.628023
0 0.474479 0.173148 0.028125 0.0462963 0.736237
0 0.527083 0.166667 0.0291667 0.0518519 0.827622
0 0.446354 0.441667 0.065625 0.116667 0.876871
0 0.667708 0.342593 0.0604167 0.0925926 0.929221
