0 0.55 0.0787037 0.00833333 0.0166667 0.0917016
0 0.314063 0.261111 0.0510417 0.0518519 0.20371
0 0.4125 0.202778 0.03125 0.0425926 0.323802
0 0.520833 0.212963 0.0270833 0.037037 0.375631
0 0.542708 0.122222 0.01875 0.0333333 0.482226
0 0.989583 0.621296 0.0208333 0.0907407 0.533666
0 0.534375 0.160185 0.0208333 0.0277778 0.536244
0 0.3875 0.252778 0.0375 0.05 0.545979
0 0.727083 0.60463 0.102083 0.146296 0.558193
0 0.611458 0.143519 0.0229167 0.0425926 0.573496
0 0.748958 0.205556 0.03125 0.0407407 0.573546
0 0.940104 0.460185 0.096875 0.101852 0.729076
0 0.463542 0.206481 0.04375 0.0833333 0.730202
0 0.650521 0.291667 0.040625 0.0648148 0.836312
0 0.628646 0.22963 0.034375 0.0555556 0.838811
0 0.695833 0.22963 0.0375 0.0518519 0.84114
0 0.505729 0.263889 0.0364583 0.0611111 0.847614
0 0.734375 0.308333 0.0541667 0.0759259 0.860338
0 0.390104 0.376852 0.065625 0.0907407 0.896109
