0 0.740625 0.193519 0.0291667 0.0314815 0.0672371
0 0.752083 0.214815 0.0416667 0.062963 0.0727593
0 0.04375 0.0518519 0.0520833 0.0296296 0.0805494
0 0.492708 0.166667 0.0270833 0.037037 0.0838442
0 0.786458 0.597222 0.0395833 0.0833333 0.128115
0 0.823958 0.891667 0.114583 0.135185 0.13066
0 0.432292 0.181481 0.0270833 0.0407407 0.169756
0 0.644271 0.132407 0.0177083 0.0277778 0.173225
0 0.696875 0.152778 0.0229167 0.0425926 0.183541
0 0.542708 0.12037 0.01875 0.0333333 0.334859
0 0.660417 0.153704 0.0208333 0.037037 0.403177
0 0.290625 0.959259 0.0916667 0.0814815 0.467216
0 0.739583 0.150926 0.0291667 0.0425926 0.531327
0 0.611458 0.121296 0.01875 0.0351852 0.542647
0 0.682292 0.192593 0.03125 0.0481481 0.55273
0 0.761979 0.238889 0.040625 0.0481481 0.579685
0 0.351562 0.293519 0.0447917 0.0796296 0.583812
0 0.404687 0.230556 0.0322917 0.0425926 0.608596
0 0.0322917 0.962963 0.0645833 0.0740741 0.61204
0 0.534375 0.160185 0.0229167 0.0388889 0.641706
0 0.633854 0.188889 0.0302083 0.0481481 0.654843
0 0.851042 0.534259 0.1 0.138889 0.742589
0 0.851042 0.356481 0.0729167 0.0759259 0.754493
0 0.727083 0.3 0.05625 0.0888889 0.763679
0 0.423958 0.292593 0.04375 0.0592593 0.798026
0 0.6375 0.25 0.0375 0.0592593 0.825496
0 0.436458 0.414815 0.0666667 0.137037 0.829535
