0 0.922917 0.312963 0.0770833 0.0518519 0.052803
0 0.344271 0.257407 0.0427083 0.062963 0.079647
0 0.0578125 0.508333 0.115625 0.131481 0.0839624
0 0.785417 0.576852 0.0458333 0.0907407 0.086736
0 0.7875 0.862963 0.133333 0.177778 0.107107
0 0.513542 0.10463 0.0125 0.0240741 0.146053
0 0.599479 0.0833333 0.015625 0.0333333 0.301298
0 0.609896 0.113889 0.015625 0.0277778 0.395091
0 0.655729 0.137037 0.0197917 0.0296296 0.398852
0 0.941146 0.584259 0.101042 0.135185 0.588817
0 0.527083 0.137963 0.0208333 0.0314815 0.738051
0 0.782292 0.255556 0.0479167 0.0592593 0.792925
0 0.619792 0.156481 0.0291667 0.0537037 0.837465
0 0.748438 0.318519 0.0510417 0.0703704 0.840524
0 0.804167 0.448148 0.0791667 0.114815 0.858461
0 0.680729 0.403704 0.0677083 0.103704 0.873885
0 0.467187 0.386111 0.0614583 0.0981481 0.897975
0 0.397396 0.353704 0.0572917 0.0851852 0.903426
0 0.646354 0.274074 0.0447917 0.0703704 0.905465
