0 0.931771 0.317593 0.0677083 0.05 0.0510091
0 0.31875 0.325 0.0729167 0.0574074 0.067312
0 0.695312 0.140741 0.0197917 0.0333333 0.0679514
0 0.809375 0.869444 0.158333 0.172222 0.103292
0 0.959375 0.866667 0.08125 0.137037 0.131787
0 0.717188 0.167593 0.0322917 0.0537037 0.146339
0 0.600521 0.0722222 0.0114583 0.0296296 0.171948
0 0.523958 0.0685185 0.0145833 0.0333333 0.228761
0 0.454167 0.136111 0.0208333 0.0314815 0.243418
0 0.491146 0.2 0.040625 0.0592593 0.297909
0 0.274479 0.571296 0.107292 0.216667 0.465375
0 0.78125 0.25 0.0416667 0.0555556 0.574547
0 0.697396 0.214815 0.040625 0.0555556 0.604517
0 0.614583 0.137037 0.025 0.0407407 0.648089
0 0.548958 0.0796296 0.0145833 0.0259259 0.754934
0 0.442708 0.237037 0.0375 0.0444444 0.772641
0 0.530729 0.125 0.021875 0.0351852 0.798784
0 0.827604 0.487037 0.0802083 0.118519 0.808723
0 0.475 0.178704 0.0291667 0.0462963 0.826984
0 0.638542 0.202778 0.0354167 0.0574074 0.827507
0 0.460938 0.386111 0.0614583 0.101852 0.849876
0 0.50625 0.221296 0.0375 0.0611111 0.855028
0 0.703125 0.464815 0.0770833 0.111111 0.876562
