0 0.298438 0.260185 0.0552083 0.05 0.0531682
0 0.594792 0.0592593 0.0104167 0.0259259 0.0548881
0 0.983854 0.384259 0.0322917 0.0685185 0.0654738
0 0.424479 0.172222 0.0302083 0.037037 0.1026
0 0.771354 0.235185 0.0385417 0.037037 0.105004
0 0.769792 0.228704 0.0604167 0.0611111 0.149304
0 0.613021 0.119444 0.0177083 0.0351852 0.176336
0 0.600521 0.0888889 0.0114583 0.0259259 0.186549
0 0.511458 0.0962963 0.0166667 0.0296296 0.370392
0 0.888021 0.368519 0.0697917 0.0851852 0.393321
0 0.544792 0.0824074 0.0145833 0.0314815 0.568867
0 0.363542 0.264815 0.0395833 0.0592593 0.634778
0 0.397917 0.207407 0.03125 0.0518519 0.675997
0 0.529688 0.143519 0.0260417 0.0425926 0.842226
0 0.703646 0.219444 0.034375 0.0685185 0.857051
0 0.672917 0.339815 0.0541667 0.105556 0.868664
0 0.740104 0.308333 0.053125 0.0722222 0.876491
0 0.464063 0.366667 0.0552083 0.0962963 0.902149
0 0.358333 0.4 0.0645833 0.107407 0.911475
