0 0.608854 0.119444 0.0177083 0.0314815 0.0849432
0 0.318229 0.862037 0.136458 0.175926 0.0964759
0 0.600521 0.0990741 0.015625 0.0277778 0.11163
0 0.751562 0.757407 0.130208 0.159259 0.143515
0 0.125 0.57037 0.110417 0.148148 0.187046
0 0.541146 0.0981481 0.015625 0.0296296 0.341557
0 0.531771 0.148148 0.0197917 0.0296296 0.517119
0 0.903125 0.407407 0.08125 0.0925926 0.527461
0 0.671875 0.169444 0.0270833 0.0425926 0.6133
0 0.316146 0.339815 0.0635417 0.0796296 0.644192
0 0.496354 0.12963 0.0260417 0.0444444 0.677546
0 0.473437 0.184259 0.0260417 0.0388889 0.697052
0 0.619271 0.15 0.0239583 0.0407407 0.756642
0 0.835417 0.526852 0.102083 0.131481 0.816169
0 0.636979 0.218519 0.0364583 0.062963 0.852171
0 0.683854 0.447222 0.0635417 0.112963 0.856235
0 0.410417 0.5 0.0770833 0.122222 0.872636
