0 0.613542 0.0537037 0.0104167 0.0185185 0.0551786
0 0.484896 0.0925926 0.0135417 0.0333333 0.0637605
0 0.646875 0.108333 0.0145833 0.0314815 0.0770962
0 0.430729 0.167593 0.0260417 0.0425926 0.0972201
0 0.978646 0.62963 0.0427083 0.125926 0.170933
0 0.898438 0.274074 0.065625 0.0592593 0.262713
0 0.882812 0.372222 0.084375 0.107407 0.31352
0 0.488021 0.140741 0.021875 0.0407407 0.352215
0 0.506771 0.112963 0.0197917 0.0333333 0.37331
0 0.613542 0.101852 0.01875 0.0333333 0.575881
0 0.540625 0.0851852 0.0145833 0.0259259 0.648932
0 0.370313 0.275 0.0447917 0.0611111 0.68762
0 0.536458 0.125926 0.0229167 0.0407407 0.745624
0 0.521875 0.178704 0.0270833 0.0425926 0.80594
0 0.436458 0.243519 0.0395833 0.0611111 0.84285
0 0.804167 0.421296 0.0833333 0.109259 0.85056
0 0.636979 0.221296 0.0385417 0.0648148 0.857913
0 0.685417 0.398148 0.0645833 0.103704 0.8993
0 0.503646 0.251852 0.040625 0.0777778 0.900026
