0 0.723437 0.257407 0.0510417 0.0925926 0.0521316
0 0.916667 0.662037 0.0625 0.227778 0.0623323
0 0.515625 0.101852 0.01875 0.0333333 0.0893778
0 0.464063 0.140741 0.021875 0.037037 0.0902462
0 0.740104 0.207407 0.0322917 0.0333333 0.117798
0 0.616667 0.169444 0.0291667 0.0537037 0.125068
0 0.028125 0.0472222 0.0541667 0.0425926 0.128004
0 0.163021 0.552778 0.119792 0.146296 0.128894
0 0.600521 0.0787037 0.0177083 0.0314815 0.135785
0 0.353125 0.735185 0.122917 0.155556 0.139117
0 0.618229 0.125 0.0197917 0.0314815 0.188391
0 0.922396 0.666667 0.123958 0.155556 0.200585
0 0.617188 0.169444 0.021875 0.0314815 0.229917
0 0.436458 0.165741 0.0291667 0.0537037 0.351357
0 0.545833 0.1 0.01875 0.0296296 0.448726
0 0.676042 0.185185 0.0291667 0.0407407 0.468658
0 0.805208 0.269444 0.0479167 0.0648148 0.506439
0 0.538542 0.137963 0.0208333 0.0314815 0.599203
0 0.958333 0.50463 0.0833333 0.127778 0.673295
0 0.719792 0.25463 0.0375 0.0537037 0.677243
0 0.719271 0.577778 0.0927083 0.148148 0.694174
0 0.752604 0.319444 0.053125 0.0722222 0.833514
0 0.631771 0.213889 0.034375 0.0574074 0.837286
0 0.667188 0.274074 0.0447917 0.0666667 0.844525
0 0.653125 0.351852 0.0604167 0.0814815 0.867674
0 0.410417 0.332407 0.05 0.0759259 0.885672
