0 0.936458 0.715741 0.127083 0.175926 0.0868481
0 0.0645833 0.660185 0.129167 0.157407 0.102268
0 0.641667 0.101852 0.01875 0.037037 0.13938
0 0.723437 0.171296 0.0302083 0.0425926 0.248722
0 0.605208 0.087963 0.0145833 0.0314815 0.413192
0 0.545313 0.0851852 0.0135417 0.0259259 0.505541
0 0.475521 0.171296 0.028125 0.0462963 0.629548
0 0.528125 0.150926 0.0229167 0.0425926 0.721099
0 0.66875 0.155556 0.0270833 0.0407407 0.808179
0 0.620313 0.157407 0.0239583 0.0407407 0.811064
0 0.498437 0.281481 0.0489583 0.0888889 0.835251
0 0.641667 0.239815 0.0375 0.0611111 0.872344
0 0.705208 0.216667 0.0375 0.0592593 0.878519
0 0.373437 0.392593 0.071875 0.0962963 0.897494
