0 0.463542 0.12037 0.0166667 0.0259259 0.0511675
0 0.254687 0.298148 0.0635417 0.0666667 0.0632161
0 0.371875 0.248148 0.04375 0.0407407 0.0685682
0 0.596875 0.0703704 0.0104167 0.0259259 0.0947494
0 0.606771 0.0935185 0.0135417 0.0240741 0.125959
0 0.075 0.915741 0.127083 0.138889 0.1669
0 0.216146 0.465741 0.084375 0.101852 0.225314
0 0.5 0.121296 0.0208333 0.0388889 0.339606
0 0.671875 0.160185 0.025 0.0425926 0.532291
0 0.313542 0.317593 0.0479167 0.0722222 0.668961
0 0.538021 0.107407 0.0197917 0.037037 0.68913
0 0.694271 0.207407 0.0302083 0.0481481 0.78581
0 0.644271 0.211111 0.0364583 0.0703704 0.843698
0 0.511458 0.219444 0.0354167 0.0574074 0.87364
