0 0.639583 0.127778 0.01875 0.0407407 0.180257
0 0.507292 0.202778 0.0375 0.0759259 0.187066
0 0.286458 0.274074 0.0541667 0.0555556 0.204225
0 0.526042 0.109259 0.0166667 0.0296296 0.209612
0 0.59375 0.108333 0.0166667 0.0351852 0.224296
0 0.506771 0.175926 0.0302083 0.0333333 0.435759
0 0.720312 0.642593 0.101042 0.181481 0.496317
0 0.1625 0.535185 0.108333 0.151852 0.523609
0 0.313542 0.311111 0.05625 0.062963 0.617439
0 0.481771 0.147222 0.0239583 0.0351852 0.668805
0 0.505208 0.228704 0.0416667 0.0611111 0.66994
0 0.607292 0.162037 0.03125 0.05 0.707428
0 0.313542 0.469444 0.08125 0.131481 0.744839
0 0.435937 0.25463 0.040625 0.0574074 0.745977
0 0.671354 0.2 0.0322917 0.0481481 0.78284
0 0.450521 0.2 0.0322917 0.0481481 0.796801
0 0.449479 0.407407 0.0614583 0.107407 0.831031
0 0.407813 0.191667 0.0322917 0.0611111 0.846307
0 0.373437 0.346296 0.065625 0.0962963 0.875119
0 0.636979 0.333333 0.0510417 0.0814815 0.89629
