0 0.433333 0.157407 0.0270833 0.0444444 0.0552984
0 0.994792 0.568519 0.0104167 0.0851852 0.0831305
0 0.597917 0.0648148 0.0104167 0.0259259 0.0926493
0 0.672396 0.12963 0.021875 0.0444444 0.120468
0 0.546354 0.0666667 0.0114583 0.0259259 0.123265
0 0.4125 0.602778 0.1125 0.146296 0.206956
0 0.516146 0.0805556 0.0135417 0.0240741 0.256205
0 0.648438 0.110185 0.021875 0.0277778 0.348625
0 0.732292 0.580556 0.0833333 0.161111 0.398906
0 0.410937 0.194444 0.0322917 0.0555556 0.544949
0 0.829167 0.309259 0.0625 0.0851852 0.67113
0 0.60625 0.102778 0.01875 0.0314815 0.698491
0 0.538542 0.115741 0.0208333 0.0314815 0.7513
0 0.619271 0.144444 0.0260417 0.0407407 0.768826
0 0.817187 0.47037 0.0822917 0.107407 0.792983
0 0.742708 0.301852 0.05 0.1 0.838009
0 0.501562 0.239815 0.0427083 0.0648148 0.846567
0 0.424479 0.266667 0.046875 0.062963 0.855265
