0 0.555729 0.0740741 0.009375 0.0185185 0.0734617
0 0.946354 0.341667 0.0864583 0.0685185 0.137842
0 0.692708 0.133333 0.0229167 0.037037 0.183995
0 0.509375 0.126852 0.0145833 0.0351852 0.416456
0 0.49375 0.176852 0.0291667 0.0388889 0.475341
0 0.378646 0.280556 0.040625 0.0574074 0.479667
0 0.659896 0.142593 0.0239583 0.0444444 0.5436
0 0.980208 0.538889 0.0395833 0.122222 0.58754
0 0.8875 0.596296 0.108333 0.155556 0.595317
0 0.718229 0.168519 0.0239583 0.0407407 0.613503
0 0.615625 0.132407 0.0208333 0.0351852 0.626382
0 0.544792 0.142593 0.0208333 0.037037 0.628081
0 0.691667 0.185185 0.0270833 0.0407407 0.678035
0 0.527083 0.181481 0.0291667 0.0481481 0.679879
0 0.767187 0.228704 0.0364583 0.0537037 0.705312
0 0.461458 0.214815 0.0458333 0.0851852 0.742612
0 0.708333 0.246296 0.0416667 0.0592593 0.765462
0 0.245312 0.437037 0.078125 0.1 0.779603
0 0.811979 0.430556 0.078125 0.0981481 0.828837
0 0.690104 0.431481 0.0635417 0.122222 0.848399
0 0.847396 0.336111 0.0614583 0.0759259 0.867414
0 0.514583 0.239815 0.0395833 0.0611111 0.867766
0 0.460417 0.434259 0.0645833 0.112963 0.869113
0 0.417188 0.32963 0.0510417 0.0703704 0.88005
0 0.646875 0.230556 0.0333333 0.0537037 0.882883
0 0.363021 0.42963 0.0739583 0.111111 0.897418
