0 0.546875 0.062963 0.0125 0.0222222 0.0650409
0 0.779167 0.72963 0.16875 0.196296 0.0729296
0 0.51875 0.0768519 0.0145833 0.0240741 0.11322
0 0.599479 0.0675926 0.015625 0.0314815 0.140191
0 0.652083 0.117593 0.0166667 0.0351852 0.164658
0 0.443229 0.146296 0.0197917 0.0333333 0.478384
0 0.421875 0.175 0.03125 0.0462963 0.516012
0 0.677604 0.141667 0.0260417 0.0425926 0.561441
0 0.864583 0.569444 0.10625 0.153704 0.637284
0 0.607813 0.111111 0.015625 0.0296296 0.688481
0 0.540104 0.10463 0.0197917 0.0277778 0.764697
0 0.441667 0.493519 0.0833333 0.135185 0.811743
0 0.858854 0.351852 0.071875 0.0888889 0.817152
0 0.760938 0.342593 0.0614583 0.1 0.832631
0 0.440104 0.241667 0.040625 0.0574074 0.857488
0 0.621875 0.156481 0.0270833 0.0425926 0.861724
0 0.509375 0.213889 0.0375 0.0611111 0.886121
