0 0.613021 0.159259 0.0177083 0.037037 0.0535787
0 0.0104167 0.837963 0.0208333 0.109259 0.072803
0 0.983333 0.432407 0.0333333 0.0685185 0.0785617
0 0.552604 0.0805556 0.0114583 0.0203704 0.0797306
0 0.715104 0.240741 0.046875 0.062963 0.133869
0 0.614583 0.119444 0.0145833 0.0351852 0.15503
0 0.792188 0.760185 0.123958 0.161111 0.164688
0 0.0119792 0.0527778 0.021875 0.0351852 0.165556
0 0.451042 0.166667 0.025 0.0407407 0.180411
0 0.723437 0.187963 0.0322917 0.0425926 0.234223
0 0.771875 0.236111 0.0416667 0.0611111 0.280914
0 0.666667 0.167593 0.025 0.0425926 0.365849
0 0.700521 0.223148 0.0364583 0.0537037 0.407236
0 0.511458 0.119444 0.0166667 0.0388889 0.460871
0 0.892187 0.4 0.071875 0.0962963 0.594097
0 0.626042 0.189815 0.0291667 0.05 0.616656
0 0.722917 0.264815 0.0416667 0.0592593 0.642228
0 0.418229 0.200926 0.0322917 0.0574074 0.656583
0 0.656771 0.239815 0.034375 0.0537037 0.744908
0 0.684896 0.425926 0.0677083 0.111111 0.752511
0 0.542708 0.118519 0.01875 0.037037 0.772519
0 0.534375 0.162037 0.0229167 0.0351852 0.78296
0 0.640104 0.292593 0.046875 0.062963 0.802193
0 0.831771 0.485185 0.090625 0.111111 0.813437
0 0.354167 0.457407 0.06875 0.103704 0.882988
