0 0.954687 0.37963 0.090625 0.0777778 0.0571256
0 0.624479 0.196296 0.034375 0.0666667 0.0590985
0 0.829687 0.247222 0.0385417 0.0462963 0.0814915
0 0.842188 0.524074 0.0489583 0.0888889 0.0893104
0 0.619792 0.159259 0.0166667 0.037037 0.0918383
0 0.531771 0.110185 0.009375 0.0203704 0.10139
0 0.711458 0.174074 0.0208333 0.037037 0.201002
0 0.616146 0.124074 0.015625 0.0259259 0.24131
0 0.660937 0.17037 0.021875 0.0296296 0.285145
0 0.557813 0.0953704 0.009375 0.0166667 0.286877
0 0.240104 0.361111 0.0697917 0.0703704 0.326539
0 0.625521 0.203704 0.0260417 0.0407407 0.566786
0 0.971354 0.562037 0.0572917 0.101852 0.568905
0 0.766146 0.239815 0.040625 0.0611111 0.587281
0 0.514583 0.147222 0.01875 0.0314815 0.607646
0 0.499479 0.196296 0.028125 0.0481481 0.664162
0 0.728125 0.632407 0.0958333 0.135185 0.676108
0 0.546354 0.160185 0.021875 0.0351852 0.702224
0 0.417708 0.641667 0.0979167 0.157407 0.717467
0 0.366146 0.417593 0.0614583 0.12037 0.830953
0 0.744271 0.321296 0.0510417 0.0685185 0.83319
0 0.489583 0.281481 0.0479167 0.0814815 0.846251
0 0.661458 0.300926 0.04375 0.0611111 0.860833
0 0.8375 0.525926 0.0916667 0.125926 0.874176
0 0.470833 0.400926 0.0583333 0.0944444 0.908915
