0 0.44375 0.173148 0.0270833 0.0351852 0.131217
0 0.522917 0.107407 0.0166667 0.037037 0.135511
0 0.613542 0.121296 0.0229167 0.0425926 0.166918
0 0.374479 0.557407 0.105208 0.174074 0.259217
0 0.464583 0.151852 0.01875 0.0333333 0.297483
0 0.557292 0.0925926 0.0125 0.0185185 0.470291
0 0.886979 0.575 0.107292 0.168519 0.680545
0 0.797396 0.27037 0.046875 0.0592593 0.736459
0 0.968229 0.484259 0.0635417 0.127778 0.754991
0 0.716146 0.471296 0.078125 0.116667 0.798576
0 0.639063 0.167593 0.0239583 0.0425926 0.806709
0 0.679167 0.171296 0.0291667 0.0388889 0.820417
0 0.490104 0.173148 0.028125 0.0425926 0.843722
0 0.723958 0.257407 0.0458333 0.0592593 0.85309
0 0.795833 0.412037 0.0708333 0.0981481 0.869508
0 0.655208 0.274074 0.0416667 0.0666667 0.873173
0 0.528125 0.217593 0.0354167 0.0537037 0.881214
0 0.424479 0.306481 0.0489583 0.0907407 0.919457
