0 0.513021 0.113889 0.0114583 0.0240741 0.0514905
0 0.541667 0.126852 0.0166667 0.0277778 0.0846413
0 0.529167 0.17037 0.0166667 0.037037 0.126643
0 0.609896 0.128704 0.0177083 0.0314815 0.18271
0 0.54375 0.110185 0.0145833 0.0240741 0.267043
0 0.435937 0.175926 0.021875 0.037037 0.293662
0 0.417708 0.208333 0.0291667 0.0425926 0.424593
0 0.539062 0.136111 0.0177083 0.0240741 0.458671
0 0.501562 0.139815 0.015625 0.0277778 0.486057
0 0.791146 0.263889 0.0427083 0.0574074 0.60125
0 0.804688 0.452778 0.0802083 0.105556 0.750221
0 0.619792 0.173148 0.0291667 0.0425926 0.771004
0 0.520312 0.203704 0.028125 0.0407407 0.814135
0 0.481771 0.169444 0.0302083 0.0611111 0.821549
0 0.439583 0.27037 0.0395833 0.0592593 0.847267
0 0.672917 0.397222 0.0583333 0.0981481 0.873707
0 0.729688 0.306481 0.0510417 0.0722222 0.896413
0 0.646875 0.296296 0.04375 0.0703704 0.90183
