0 0.456771 0.14537 0.015625 0.0277778 0.0522154
0 0.547917 0.0694444 0.0104167 0.0203704 0.0741907
0 0.982292 0.951852 0.0354167 0.0592593 0.0752978
0 0.455729 0.144444 0.0239583 0.0518519 0.0906258
0 0.325 0.289815 0.0583333 0.05 0.0975541
0 0.890625 0.282407 0.0604167 0.0425926 0.151459
0 0.652083 0.130556 0.01875 0.0314815 0.229592
0 0.745313 0.693519 0.0947917 0.201852 0.294252
0 0.511458 0.107407 0.0145833 0.0333333 0.457311
0 0.599479 0.0842593 0.015625 0.0277778 0.551396
0 0.609375 0.107407 0.0166667 0.0296296 0.568306
0 0.894271 0.486111 0.0739583 0.101852 0.657471
0 0.765625 0.234259 0.0416667 0.0537037 0.727137
0 0.616146 0.14537 0.028125 0.05 0.785556
0 0.733854 0.290741 0.0447917 0.062963 0.821701
0 0.524479 0.147222 0.0239583 0.0388889 0.82201
0 0.364583 0.411111 0.06875 0.103704 0.822171
0 0.447396 0.457407 0.0697917 0.118519 0.846073
0 0.640104 0.252778 0.040625 0.0648148 0.885708
0 0.780208 0.396296 0.06875 0.0962963 0.892594
0 0.668229 0.356481 0.059375 0.0907407 0.895025
