0 0.599479 0.0768519 0.0114583 0.0203704 0.109863
0 0.608854 0.10463 0.015625 0.0203704 0.116837
0 0.403646 0.202778 0.0364583 0.0537037 0.230037
0 0.826042 0.288889 0.0583333 0.0592593 0.231305
0 0.268229 0.576852 0.103125 0.17963 0.423804
0 0.507292 0.106481 0.0166667 0.0314815 0.464044
0 0.325521 0.228704 0.0489583 0.0574074 0.479734
0 0.742708 0.197222 0.0354167 0.0425926 0.577862
0 0.957292 0.515741 0.0854167 0.0907407 0.581195
0 0.541667 0.0935185 0.0145833 0.0314815 0.735689
0 0.310417 0.337037 0.0604167 0.0814815 0.770554
0 0.363021 0.251852 0.040625 0.0592593 0.779919
0 0.685417 0.184259 0.0270833 0.0537037 0.794205
0 0.523438 0.174074 0.028125 0.0444444 0.805825
0 0.713021 0.246296 0.0427083 0.062963 0.85122
0 0.411458 0.530556 0.08125 0.127778 0.871359
0 0.654167 0.258333 0.0416667 0.0759259 0.897788
