0 0.547917 0.0611111 0.0104167 0.0222222 0.0521212
0 0.519792 0.0759259 0.0125 0.0185185 0.106889
0 0.928646 0.698148 0.115625 0.144444 0.156677
0 0.601042 0.0731481 0.0125 0.0277778 0.167218
0 0.655208 0.126852 0.01875 0.0314815 0.181397
0 0.243229 0.665741 0.115625 0.153704 0.210693
0 0.452604 0.137963 0.0177083 0.0314815 0.241168
0 0.432813 0.164815 0.0260417 0.0444444 0.254991
0 0.68125 0.157407 0.025 0.037037 0.558564
0 0.788542 0.397222 0.0645833 0.124074 0.744063
0 0.626042 0.173148 0.0291667 0.0462963 0.750525
0 0.541667 0.1 0.0166667 0.0296296 0.778618
0 0.514063 0.19537 0.034375 0.05 0.793141
0 0.895312 0.400926 0.0760417 0.0907407 0.829366
0 0.451562 0.22037 0.0364583 0.0555556 0.831563
0 0.610417 0.12037 0.0208333 0.037037 0.835496
0 0.461979 0.416667 0.0697917 0.118519 0.856371
