0 0.666667 0.169444 0.0333333 0.0462963 0.0956946
0 0.508333 0.125 0.0166667 0.0314815 0.163141
0 0.548958 0.0861111 0.0104167 0.0203704 0.167917
0 0.477604 0.122222 0.0197917 0.0259259 0.181728
0 0.743229 0.14537 0.0239583 0.0351852 0.206315
0 0.707292 0.143519 0.0208333 0.0388889 0.24333
0 0.798958 0.271296 0.0458333 0.05 0.253565
0 0.603125 0.106481 0.0166667 0.0351852 0.367996
0 0.745833 0.625 0.09375 0.168519 0.420206
0 0.352604 0.285185 0.040625 0.0592593 0.551767
0 0.610417 0.159259 0.0229167 0.0407407 0.556846
0 0.748958 0.193519 0.03125 0.05 0.631454
0 0.491146 0.160185 0.021875 0.0351852 0.651909
0 0.45625 0.143519 0.0229167 0.0425926 0.674934
0 0.684896 0.194444 0.0322917 0.0518519 0.697563
0 0.391667 0.339815 0.0708333 0.146296 0.705512
0 0.782812 0.312963 0.0510417 0.0777778 0.708205
0 0.513542 0.228704 0.0354167 0.0537037 0.745182
0 0.269271 0.301852 0.0552083 0.0740741 0.765748
0 0.627083 0.192593 0.0291667 0.0444444 0.779512
0 0.534896 0.160185 0.0239583 0.0351852 0.785822
0 0.467708 0.214815 0.03125 0.0481481 0.811024
0 0.288542 0.375926 0.0625 0.0851852 0.84129
0 0.663021 0.156481 0.0239583 0.0388889 0.852991
0 0.484375 0.347222 0.0520833 0.0907407 0.866812
0 0.436458 0.260185 0.0395833 0.0685185 0.868438
0 0.652083 0.301852 0.05 0.0740741 0.878076
0 0.438021 0.492593 0.0760417 0.122222 0.899059
