0 0.608854 0.102778 0.0135417 0.0277778 0.0510031
0 0.551562 0.0861111 0.0135417 0.0351852 0.0593008
0 0.657292 0.140741 0.01875 0.037037 0.0608397
0 0.701563 0.159259 0.0197917 0.0333333 0.113501
0 0.642708 0.187037 0.025 0.0407407 0.130008
0 0.379167 0.247222 0.0395833 0.0574074 0.223801
0 0.428125 0.202778 0.03125 0.0425926 0.226243
0 0.7375 0.188889 0.03125 0.0481481 0.246629
0 0.616146 0.160185 0.0239583 0.0351852 0.30085
0 0.746875 0.621296 0.0958333 0.183333 0.335363
0 0.503646 0.138889 0.0177083 0.037037 0.468644
0 0.692187 0.207407 0.028125 0.037037 0.484644
0 0.528125 0.198148 0.0291667 0.0444444 0.547659
0 0.813021 0.294444 0.0552083 0.0777778 0.65944
0 0.976562 0.537037 0.046875 0.103704 0.687045
0 0.861458 0.52963 0.10625 0.144444 0.713561
0 0.536979 0.139815 0.0239583 0.0425926 0.776003
0 0.630729 0.227778 0.0364583 0.0555556 0.776009
0 0.702083 0.448148 0.06875 0.114815 0.83886
0 0.754687 0.340741 0.0614583 0.0814815 0.853138
0 0.6625 0.3 0.05 0.0777778 0.865436
