0 0.527604 0.0814815 0.0135417 0.0296296 0.058921
0 0.515625 0.106481 0.0125 0.0240741 0.0879049
0 0.555208 0.0703704 0.0125 0.0222222 0.097244
0 0.376563 0.190741 0.0322917 0.0444444 0.101267
0 0.817708 0.809259 0.1375 0.177778 0.103118
0 0.65625 0.122222 0.0208333 0.0407407 0.132202
0 0.436979 0.15463 0.0239583 0.0388889 0.207655
0 0.473437 0.131481 0.0177083 0.0296296 0.215838
0 0.256771 0.613889 0.115625 0.157407 0.219026
0 0.625521 0.124074 0.0197917 0.0333333 0.23129
0 0.975 0.559259 0.05 0.122222 0.496381
0 0.745313 0.190741 0.034375 0.0481481 0.64268
0 0.552083 0.107407 0.0166667 0.0296296 0.643786
0 0.418229 0.206481 0.0322917 0.05 0.668412
0 0.390625 0.239815 0.0395833 0.0611111 0.672714
0 0.509375 0.131481 0.01875 0.0333333 0.697253
0 0.834896 0.289815 0.0552083 0.0907407 0.748293
0 0.690104 0.184259 0.0322917 0.0425926 0.840296
0 0.732813 0.267593 0.0427083 0.0648148 0.853071
0 0.455208 0.241667 0.0395833 0.0611111 0.860993
0 0.666667 0.274074 0.05 0.0703704 0.870947
0 0.714063 0.483333 0.078125 0.114815 0.887177
0 0.489583 0.349074 0.0541667 0.0981481 0.901152
0 0.778646 0.335185 0.0614583 0.0777778 0.902675
0 0.639063 0.190741 0.0302083 0.0481481 0.903522
