0 0.530729 0.0490741 0.00729167 0.012963 0.0630659
0 0.766667 0.666667 0.139583 0.207407 0.0676685
0 0.611979 0.113889 0.0177083 0.0351852 0.0949498
0 0.502604 0.0657407 0.0114583 0.0240741 0.116842
0 0.484896 0.0944444 0.0135417 0.0222222 0.254559
0 0.401563 0.2 0.0385417 0.0592593 0.398746
0 0.659375 0.144444 0.0229167 0.0407407 0.505263
0 0.546354 0.062963 0.0114583 0.0185185 0.519408
0 0.433333 0.162037 0.025 0.0462963 0.577636
0 0.785937 0.247222 0.0447917 0.0574074 0.721699
0 0.689062 0.184259 0.0322917 0.0462963 0.736892
0 0.505208 0.114815 0.01875 0.0296296 0.749963
0 0.621354 0.174074 0.0322917 0.0592593 0.783453
0 0.649479 0.275 0.0510417 0.0685185 0.80234
0 0.8375 0.312037 0.0645833 0.0759259 0.8047
0 0.540104 0.105556 0.0197917 0.0296296 0.804826
0 0.507812 0.243519 0.0385417 0.0648148 0.853926
0 0.461979 0.183333 0.034375 0.0703704 0.864468
0 0.71875 0.248148 0.0458333 0.0740741 0.871277
0 0.808854 0.45463 0.0927083 0.109259 0.873642
