0 0.933333 0.725 0.133333 0.172222 0.0884078
0 0.515625 0.0972222 0.0145833 0.0277778 0.114015
0 0.758333 0.707407 0.120833 0.159259 0.198443
0 0.543229 0.0759259 0.015625 0.0259259 0.227405
0 0.5 0.122222 0.0166667 0.0296296 0.258332
0 0.852083 0.35 0.0729167 0.062963 0.288918
0 0.457292 0.137963 0.0208333 0.0351852 0.301633
0 0.620833 0.127778 0.0208333 0.0444444 0.370124
0 0.415625 0.202778 0.0333333 0.05 0.432284
0 0.542188 0.106481 0.015625 0.0314815 0.518613
0 0.532292 0.139815 0.01875 0.0314815 0.566129
0 0.416667 0.549074 0.09375 0.153704 0.727244
0 0.522396 0.182407 0.028125 0.05 0.813395
0 0.467187 0.189815 0.0322917 0.05 0.824519
0 0.657812 0.302778 0.053125 0.0907407 0.866071
