0 0.180729 0.825926 0.171875 0.196296 0.0593677
0 0.496354 0.0833333 0.0114583 0.0148148 0.0745246
0 0.463542 0.190741 0.0375 0.0555556 0.0890826
0 0.0885417 0.612037 0.122917 0.157407 0.102678
0 0.368229 0.756481 0.130208 0.146296 0.122142
0 0.513021 0.0990741 0.0135417 0.0203704 0.197346
0 0.733854 0.183333 0.0385417 0.0481481 0.20496
0 0.734896 0.185185 0.0239583 0.0333333 0.262983
0 0.938542 0.597222 0.1 0.157407 0.275653
0 0.60625 0.101852 0.01875 0.0296296 0.279696
0 0.408333 0.198148 0.0333333 0.0481481 0.296881
0 0.541146 0.0833333 0.0135417 0.0259259 0.373767
0 0.486979 0.156481 0.0239583 0.0425926 0.674355
0 0.725521 0.563889 0.0864583 0.116667 0.692106
0 0.678125 0.176852 0.0291667 0.0462963 0.800728
0 0.771875 0.384259 0.0708333 0.0907407 0.836871
0 0.626042 0.17037 0.0291667 0.0592593 0.851933
0 0.404167 0.316667 0.05 0.0740741 0.855157
0 0.536979 0.128704 0.0239583 0.0388889 0.858604
0 0.702083 0.242593 0.04375 0.0777778 0.863854
0 0.460417 0.212963 0.0375 0.0666667 0.886618
0 0.495833 0.273148 0.0395833 0.0685185 0.889638
0 0.4625 0.387963 0.0625 0.12037 0.903964
