0 0.130729 0.811111 0.151042 0.185185 0.0615061
0 0.291146 0.272222 0.0572917 0.0481481 0.107984
0 0.629687 0.123148 0.0197917 0.0277778 0.197608
0 0.730729 0.214815 0.0364583 0.0518519 0.200811
0 0.352083 0.266667 0.05 0.0518519 0.276645
0 0.832292 0.29537 0.0583333 0.0611111 0.292993
0 0.478646 0.152778 0.0239583 0.0425926 0.441875
0 0.45625 0.117593 0.01875 0.0388889 0.47165
0 0.417708 0.171296 0.0291667 0.0462963 0.485993
0 0.458854 0.188889 0.028125 0.0444444 0.520648
0 0.516667 0.144444 0.0270833 0.0481481 0.534166
0 0.601042 0.157407 0.03125 0.0481481 0.581133
0 0.673958 0.203704 0.0333333 0.0518519 0.622475
0 0.629687 0.275 0.0489583 0.0685185 0.678678
0 0.619792 0.210185 0.03125 0.0462963 0.747903
0 0.435417 0.223148 0.0375 0.0611111 0.81501
0 0.5 0.215741 0.0333333 0.0574074 0.845754
0 0.767187 0.415741 0.0697917 0.0944444 0.848159
