0 0.503125 0.0953704 0.0166667 0.0240741 0.0522567
0 0.496354 0.146296 0.0302083 0.0444444 0.0561507
0 0.311979 0.246296 0.046875 0.0481481 0.0606206
0 0.617708 0.0962963 0.0125 0.0259259 0.0752495
0 0.526563 0.10463 0.0135417 0.0240741 0.0754742
0 0.213021 0.461111 0.0947917 0.107407 0.282019
0 0.64375 0.139815 0.0208333 0.0314815 0.293973
0 0.594271 0.117593 0.0197917 0.0388889 0.428524
0 0.339583 0.276852 0.0479167 0.0611111 0.539531
0 0.457292 0.182407 0.03125 0.0462963 0.546556
0 0.680208 0.222222 0.0354167 0.0481481 0.662128
0 0.486458 0.139815 0.0229167 0.0314815 0.683176
0 0.610417 0.17037 0.0291667 0.0518519 0.72416
0 0.41875 0.175 0.0291667 0.0537037 0.751609
0 0.507292 0.167593 0.025 0.0425926 0.758704
0 0.44375 0.22963 0.0354167 0.0518519 0.790461
0 0.507812 0.214815 0.0364583 0.0518519 0.820512
0 0.347396 0.399074 0.0739583 0.116667 0.851591
0 0.394271 0.301852 0.0552083 0.0925926 0.854718
0 0.647917 0.382407 0.0604167 0.0944444 0.882998
0 0.464583 0.35463 0.0583333 0.0907407 0.928068
