0 0.782292 0.575926 0.0458333 0.0851852 0.0512268
0 0.795833 0.816667 0.135417 0.177778 0.07999
0 0.965625 0.913889 0.06875 0.138889 0.0945464
0 0.0567708 0.687963 0.113542 0.172222 0.095894
0 0.926562 0.311111 0.0697917 0.0814815 0.152714
0 0.651563 0.127778 0.021875 0.0444444 0.177544
0 0.48125 0.105556 0.0166667 0.0333333 0.18515
0 0.519792 0.0824074 0.0104167 0.0203704 0.189289
0 0.604167 0.0972222 0.0229167 0.0425926 0.425705
0 0.677083 0.176852 0.03125 0.0388889 0.56159
0 0.617708 0.139815 0.025 0.0351852 0.643157
0 0.898438 0.410185 0.0802083 0.0907407 0.732726
0 0.850521 0.52037 0.090625 0.118519 0.779246
0 0.24375 0.430556 0.0854167 0.101852 0.803753
0 0.510938 0.230556 0.034375 0.0574074 0.855789
0 0.535417 0.105556 0.0166667 0.0296296 0.868056
0 0.685938 0.447222 0.0635417 0.116667 0.88016
0 0.634375 0.205556 0.0395833 0.0703704 0.885686
0 0.45625 0.228704 0.0354167 0.0537037 0.887266
