0 0.822917 0.873148 0.135417 0.15 0.0688171
0 0.973437 0.897222 0.053125 0.135185 0.105243
0 0.4875 0.172222 0.0291667 0.0407407 0.116802
0 0.61875 0.135185 0.0208333 0.0333333 0.142147
0 0.430208 0.206481 0.03125 0.0425926 0.156897
0 0.0427083 0.0555556 0.0458333 0.0333333 0.171579
0 0.235938 0.665741 0.119792 0.157407 0.186497
0 0.604688 0.100926 0.015625 0.0240741 0.248907
0 0.709896 0.165741 0.028125 0.0388889 0.261127
0 0.467708 0.224074 0.0333333 0.0444444 0.263496
0 0.508854 0.141667 0.0197917 0.0351852 0.289535
0 0.536979 0.140741 0.0197917 0.0333333 0.367524
0 0.655729 0.139815 0.0197917 0.0351852 0.464519
0 0.675 0.189815 0.0333333 0.05 0.512502
0 0.619792 0.171296 0.0229167 0.0388889 0.648093
0 0.361458 0.286111 0.0416667 0.0574074 0.728833
0 0.747396 0.217593 0.034375 0.0537037 0.733257
0 0.831771 0.32037 0.0572917 0.0666667 0.73607
0 0.442187 0.268519 0.040625 0.062963 0.767941
0 0.53125 0.177778 0.0270833 0.0444444 0.79682
0 0.716146 0.260185 0.0385417 0.0574074 0.807381
0 0.266667 0.428704 0.0729167 0.0833333 0.846043
0 0.667188 0.337037 0.0489583 0.0740741 0.858712
0 0.761458 0.37037 0.0645833 0.1 0.871463
0 0.510417 0.262963 0.0375 0.062963 0.879217
