0 0.866146 0.351852 0.0760417 0.062963 0.0527134
0 0.676042 0.124074 0.0229167 0.0296296 0.0536867
0 0.689062 0.205556 0.0364583 0.0518519 0.0872044
0 0.605208 0.0972222 0.0125 0.0240741 0.150455
0 0.519792 0.228704 0.0333333 0.0611111 0.19349
0 0.701042 0.143519 0.01875 0.0314815 0.209818
0 0.678646 0.187963 0.0260417 0.0351852 0.220345
0 0.246354 0.419444 0.084375 0.0944444 0.240586
0 0.724479 0.174074 0.0260417 0.0407407 0.259311
0 0.657812 0.144444 0.0197917 0.037037 0.264691
0 0.913021 0.624074 0.0885417 0.162963 0.274946
0 0.358854 0.290741 0.0427083 0.0555556 0.375446
0 0.525521 0.132407 0.021875 0.0462963 0.435605
0 0.692187 0.219444 0.0302083 0.0388889 0.490966
0 0.553125 0.113889 0.0166667 0.0277778 0.512948
0 0.517187 0.20463 0.034375 0.0833333 0.528763
0 0.757812 0.222222 0.034375 0.0518519 0.644
0 0.434896 0.483333 0.0760417 0.144444 0.715688
0 0.391667 0.377778 0.0583333 0.0814815 0.763526
0 0.646354 0.277778 0.0489583 0.0777778 0.776631
0 0.507292 0.297222 0.04375 0.0648148 0.797105
0 0.622396 0.137037 0.0197917 0.0296296 0.802194
0 0.629687 0.198148 0.028125 0.0518519 0.818722
0 0.351042 0.474074 0.0791667 0.103704 0.830217
0 0.718229 0.535185 0.0822917 0.114815 0.840169
0 0.457292 0.237963 0.0354167 0.0722222 0.869637
