0 0.957812 0.953704 0.084375 0.0777778 0.0566541
0 0.202083 0.326852 0.0854167 0.131481 0.141948
0 0.606771 0.171296 0.028125 0.0388889 0.169872
0 0.704167 0.17037 0.0291667 0.0333333 0.213365
0 0.467708 0.162963 0.0291667 0.0481481 0.434319
0 0.645312 0.164815 0.0239583 0.0444444 0.437119
0 0.521875 0.117593 0.0208333 0.0462963 0.470068
0 0.273958 0.263889 0.0666667 0.105556 0.484958
0 0.59375 0.128704 0.0229167 0.0425926 0.495118
0 0.793229 0.306481 0.0614583 0.0722222 0.726416
0 0.513542 0.163889 0.0270833 0.0425926 0.757478
0 0.667708 0.459259 0.0770833 0.118519 0.773967
0 0.614583 0.22037 0.0375 0.0555556 0.777942
0 0.378646 0.333333 0.0572917 0.0777778 0.817693
0 0.641667 0.314815 0.0479167 0.0666667 0.825205
0 0.721354 0.311111 0.053125 0.0777778 0.856179
