0 0.705208 0.151852 0.0208333 0.037037 0.060843
0 0.148958 0.655556 0.114583 0.159259 0.0609282
0 0.525521 0.0694444 0.0135417 0.0314815 0.0644673
0 0.628646 0.164815 0.0364583 0.0518519 0.0659631
0 0.602604 0.0777778 0.0114583 0.0296296 0.1242
0 0.348958 0.284259 0.05 0.0648148 0.148001
0 0.491667 0.17037 0.03125 0.0481481 0.158084
0 0.398438 0.613889 0.101042 0.146296 0.216604
0 0.459375 0.128704 0.0208333 0.0388889 0.403071
0 0.551562 0.0759259 0.0135417 0.0259259 0.463917
0 0.453125 0.216667 0.0354167 0.0481481 0.548187
0 0.70625 0.234259 0.0479167 0.0685185 0.581074
0 0.873958 0.582407 0.102083 0.138889 0.652019
0 0.533854 0.118519 0.0177083 0.0333333 0.724741
0 0.727604 0.552778 0.090625 0.131481 0.775049
0 0.617188 0.149074 0.028125 0.0462963 0.782502
0 0.514583 0.199074 0.0291667 0.0574074 0.795282
0 0.803125 0.282407 0.0520833 0.0685185 0.797622
0 0.324479 0.473148 0.0947917 0.138889 0.837353
0 0.48125 0.168519 0.0270833 0.0444444 0.853826
0 0.479688 0.327778 0.0489583 0.0925926 0.874089
0 0.643229 0.225 0.0385417 0.0574074 0.881492
