0 0.713542 0.15463 0.025 0.0388889 0.119346
0 0.940625 0.631481 0.11875 0.151852 0.171803
0 0.402083 0.200926 0.0375 0.0648148 0.210406
0 0.9375 0.332407 0.08125 0.0685185 0.242608
0 0.55 0.0601852 0.0104167 0.0203704 0.247143
0 0.5125 0.0916667 0.01875 0.0351852 0.275142
0 0.60625 0.101852 0.0229167 0.037037 0.32128
0 0.717708 0.582407 0.1 0.161111 0.367576
0 0.660417 0.138889 0.0291667 0.0481481 0.543136
0 0.429167 0.478704 0.08125 0.146296 0.788725
0 0.621354 0.138889 0.021875 0.037037 0.798176
0 0.870833 0.373148 0.0708333 0.087037 0.813688
0 0.717188 0.255556 0.046875 0.0703704 0.827079
0 0.510938 0.184259 0.0302083 0.05 0.837489
0 0.543229 0.106481 0.0177083 0.0314815 0.853527
0 0.670833 0.351852 0.0604167 0.0888889 0.868365
0 0.648438 0.249074 0.0427083 0.0611111 0.870933
0 0.3375 0.44537 0.075 0.101852 0.872459
0 0.763021 0.356481 0.065625 0.087037 0.872755
0 0.430729 0.309259 0.0510417 0.0703704 0.911666
