0 0.475 0.107407 0.0145833 0.0296296 0.0710897
0 0.519271 0.0805556 0.0135417 0.0240741 0.0953
0 0.784375 0.573148 0.0416667 0.0796296 0.105808
0 0.228646 0.340741 0.065625 0.0703704 0.121204
0 0.716146 0.161111 0.0260417 0.0296296 0.173414
0 0.454167 0.12963 0.01875 0.037037 0.202833
0 0.775521 0.248148 0.0447917 0.0481481 0.23485
0 0.546354 0.075 0.0135417 0.0277778 0.235807
0 0.873438 0.359259 0.0822917 0.0814815 0.285541
0 0.600521 0.0787037 0.0177083 0.0314815 0.421917
0 0.66875 0.160185 0.03125 0.0462963 0.575582
0 0.697917 0.222222 0.0416667 0.0592593 0.63254
0 0.625 0.200926 0.0333333 0.0537037 0.667696
0 0.625 0.142593 0.0229167 0.0407407 0.684052
0 0.313021 0.32963 0.065625 0.0962963 0.723392
0 0.692187 0.521296 0.096875 0.135185 0.767065
0 0.541146 0.102778 0.0177083 0.0277778 0.777098
0 0.821875 0.462963 0.0854167 0.114815 0.794576
0 0.767187 0.332407 0.059375 0.087037 0.811185
0 0.694271 0.368519 0.0552083 0.0888889 0.829153
0 0.639583 0.258333 0.04375 0.0648148 0.833176
0 0.454688 0.387037 0.0614583 0.1 0.891872
0 0.453646 0.225 0.0364583 0.0574074 0.906587
