0 0.710417 0.243519 0.05 0.0944444 0.0510573
0 0.36875 0.224074 0.0333333 0.037037 0.0542601
0 0.524479 0.167593 0.0260417 0.0574074 0.0617964
0 0.274479 0.557407 0.155208 0.192593 0.0649155
0 0.95 0.35 0.0791667 0.0666667 0.107434
0 0.606771 0.103704 0.0135417 0.0296296 0.131294
0 0.367188 0.708333 0.130208 0.15 0.132412
0 0.782292 0.790741 0.127083 0.174074 0.147006
0 0.697917 0.214815 0.0354167 0.0518519 0.201484
0 0.531771 0.119444 0.0177083 0.0351852 0.247887
0 0.526042 0.193519 0.03125 0.05 0.256156
0 0.626042 0.150926 0.01875 0.0351852 0.286133
0 0.7125 0.15463 0.01875 0.0351852 0.299326
0 0.666146 0.161111 0.0239583 0.037037 0.449013
0 0.431771 0.29537 0.0447917 0.0574074 0.476584
0 0.394792 0.247222 0.0354167 0.0537037 0.483648
0 0.554688 0.101852 0.015625 0.0259259 0.499209
0 0.711979 0.256481 0.0385417 0.0462963 0.520198
0 0.781771 0.255556 0.0385417 0.0518519 0.542523
0 0.324479 0.323148 0.0635417 0.0722222 0.545621
0 0.741667 0.193519 0.0291667 0.0425926 0.557436
0 0.940104 0.452778 0.101042 0.105556 0.640687
0 0.522396 0.242593 0.034375 0.0555556 0.725415
0 0.659896 0.344444 0.0489583 0.0925926 0.784069
0 0.476042 0.202778 0.025 0.0537037 0.805107
0 0.635417 0.223148 0.0354167 0.0685185 0.80688
0 0.475 0.353704 0.05625 0.103704 0.851696
0 0.408854 0.348148 0.0489583 0.0851852 0.858169
