0 0.616667 0.122222 0.01875 0.0296296 0.0507211
0 0.649479 0.124074 0.0197917 0.0296296 0.083526
0 0.600521 0.0935185 0.0114583 0.0203704 0.128802
0 0.546875 0.132407 0.0145833 0.0277778 0.206053
0 0.666667 0.166667 0.0291667 0.0481481 0.266905
0 0.151562 0.590741 0.109375 0.166667 0.338589
0 0.532292 0.157407 0.025 0.0407407 0.503227
0 0.890104 0.590741 0.111458 0.174074 0.52412
0 0.978646 0.915741 0.0427083 0.127778 0.528518
0 0.475521 0.187963 0.034375 0.0611111 0.563912
0 0.616667 0.149074 0.025 0.0425926 0.589499
0 0.733333 0.587963 0.0833333 0.135185 0.593457
0 0.501042 0.153704 0.025 0.0407407 0.600079
0 0.408854 0.238889 0.034375 0.0555556 0.624423
0 0.791146 0.269444 0.0385417 0.0574074 0.703199
0 0.446875 0.268519 0.0375 0.0555556 0.760463
0 0.730208 0.192593 0.03125 0.0444444 0.764825
0 0.911458 0.428704 0.08125 0.0907407 0.805148
0 0.701042 0.22037 0.03125 0.0444444 0.812258
0 0.523958 0.206481 0.0333333 0.0537037 0.818255
0 0.316146 0.346296 0.0552083 0.0851852 0.831856
0 0.730208 0.296296 0.05 0.0703704 0.857214
0 0.4125 0.330556 0.0541667 0.0907407 0.870267
0 0.490625 0.327778 0.05 0.0814815 0.872118
0 0.653646 0.275 0.0385417 0.0611111 0.880291
