0 0.464583 0.180556 0.0291667 0.0537037 0.0527502
0 0.61875 0.144444 0.01875 0.0296296 0.0649629
0 0.739583 0.208333 0.0125 0.0388889 0.0976229
0 0.6 0.0916667 0.0125 0.0203704 0.126631
0 0.200521 0.725 0.144792 0.153704 0.146219
0 0.317708 0.25 0.0416667 0.0518519 0.175344
0 0.879687 0.339815 0.0739583 0.0722222 0.210548
0 0.740625 0.681481 0.110417 0.140741 0.402098
0 0.725521 0.173148 0.0302083 0.0388889 0.442421
0 0.484375 0.159259 0.0333333 0.0481481 0.507555
0 0.454688 0.137963 0.0197917 0.0351852 0.515461
0 0.607813 0.114815 0.0197917 0.0296296 0.553684
0 0.461979 0.201852 0.0322917 0.0518519 0.621573
0 0.654167 0.139815 0.025 0.0462963 0.636223
0 0.413542 0.202778 0.03125 0.0425926 0.644446
0 0.217708 0.451852 0.102083 0.144444 0.665171
0 0.447917 0.255556 0.0375 0.0555556 0.679009
0 0.367708 0.261111 0.0375 0.0592593 0.709928
0 0.778646 0.383333 0.0697917 0.103704 0.740734
0 0.529167 0.162963 0.025 0.037037 0.742313
0 0.626562 0.182407 0.034375 0.0574074 0.776229
0 0.639063 0.25463 0.0427083 0.0648148 0.817491
0 0.394792 0.340741 0.05 0.1 0.822839
0 0.692187 0.212963 0.040625 0.0703704 0.873132
