0 0.471875 0.200926 0.0416667 0.101852 0.0579425
0 0.201562 0.710185 0.157292 0.183333 0.0649337
0 0.450521 0.168519 0.0322917 0.0592593 0.0801409
0 0.494271 0.0824074 0.015625 0.0314815 0.0895036
0 0.760417 0.694444 0.11875 0.144444 0.197093
0 0.926562 0.700926 0.115625 0.153704 0.217992
0 0.523438 0.0722222 0.015625 0.037037 0.311993
0 0.445833 0.144444 0.025 0.0444444 0.461742
0 0.765104 0.225 0.0385417 0.0537037 0.537187
0 0.613021 0.128704 0.0260417 0.0425926 0.578082
0 0.548958 0.0842593 0.0145833 0.0240741 0.628058
0 0.689583 0.200926 0.0375 0.0537037 0.660859
0 0.429688 0.262963 0.0427083 0.0518519 0.802878
0 0.467708 0.197222 0.0333333 0.05 0.825584
0 0.528125 0.134259 0.0229167 0.0388889 0.843976
0 0.634375 0.186111 0.03125 0.05 0.850657
0 0.436979 0.468519 0.078125 0.118519 0.870408
0 0.792188 0.42037 0.0697917 0.103704 0.884447
0 0.496875 0.253704 0.0395833 0.0740741 0.88906
0 0.686458 0.398148 0.0645833 0.103704 0.914894
