0 0.78125 0.576852 0.0520833 0.0907407 0.0523124
0 0.015625 0.772222 0.025 0.0888889 0.0568618
0 0.796875 0.225926 0.04375 0.062963 0.0766672
0 0.535937 0.12037 0.0177083 0.0296296 0.0790697
0 0.0177083 0.781482 0.0354167 0.133333 0.0812552
0 0.539583 0.0990741 0.01875 0.0314815 0.0853383
0 0.511979 0.0944444 0.0114583 0.0259259 0.104131
0 0.234375 0.330556 0.0708333 0.0611111 0.135555
0 0.484375 0.164815 0.025 0.037037 0.136834
0 0.700521 0.143519 0.0239583 0.0388889 0.181078
0 0.308854 0.250926 0.0427083 0.0574074 0.181409
0 0.603646 0.0981481 0.015625 0.0259259 0.254155
0 0.640625 0.112037 0.01875 0.0425926 0.266817
0 0.503646 0.12037 0.015625 0.0296296 0.335285
0 0.435937 0.161111 0.0239583 0.0444444 0.456493
0 0.296354 0.534259 0.0822917 0.15 0.532625
0 0.530208 0.150926 0.0229167 0.0388889 0.694223
0 0.464063 0.191667 0.040625 0.0722222 0.753427
0 0.374479 0.256481 0.0364583 0.0574074 0.754464
0 0.625521 0.2 0.0322917 0.0481481 0.809251
0 0.618229 0.144444 0.0322917 0.0518519 0.811205
0 0.302083 0.348148 0.05625 0.0925926 0.852895
0 0.429688 0.258333 0.0427083 0.0759259 0.875653
0 0.672396 0.397222 0.0572917 0.0944444 0.876845
0 0.719271 0.262963 0.0447917 0.0740741 0.877704
0 0.667708 0.166667 0.0333333 0.0518519 0.878484
0 0.518229 0.20463 0.034375 0.05 0.890099
0 0.396354 0.355556 0.0552083 0.0851852 0.90353
