0 0.598958 0.108333 0.0125 0.0240741 0.0580995
0 0.880729 0.403704 0.0302083 0.0592593 0.1022
0 0.217708 0.669444 0.122917 0.15 0.1314
0 0.0552083 0.630556 0.110417 0.138889 0.187845
0 0.717188 0.164815 0.0260417 0.0407407 0.195596
0 0.854688 0.527778 0.115625 0.148148 0.217275
0 0.464063 0.137963 0.0177083 0.0314815 0.2204
0 0.645833 0.118519 0.0166667 0.0333333 0.234306
0 0.610937 0.125 0.0197917 0.0277778 0.304984
0 0.497396 0.143519 0.0260417 0.0462963 0.344603
0 0.0171875 0.0435185 0.034375 0.0388889 0.47495
0 0.54375 0.110185 0.0166667 0.0277778 0.498387
0 0.671875 0.166667 0.025 0.0444444 0.577918
0 0.478646 0.181481 0.021875 0.0407407 0.624889
0 0.727604 0.624074 0.101042 0.155556 0.663968
0 0.444271 0.164815 0.0239583 0.0444444 0.699036
0 0.4125 0.576852 0.09375 0.164815 0.73417
0 0.825 0.316667 0.0625 0.0740741 0.737464
0 0.651042 0.251852 0.0416667 0.0666667 0.769961
0 0.622396 0.17037 0.028125 0.0444444 0.771562
0 0.398958 0.215741 0.0375 0.0685185 0.775366
0 0.706771 0.242593 0.046875 0.0777778 0.775373
0 0.435937 0.264815 0.0385417 0.062963 0.808356
0 0.669271 0.34537 0.0614583 0.105556 0.863401
0 0.502083 0.294444 0.0479167 0.0740741 0.87841
0 0.357812 0.433333 0.065625 0.103704 0.895627
