0 0.179167 0.774074 0.175 0.207407 0.0525039
0 0.684896 0.155556 0.0197917 0.0296296 0.0593119
0 0.6125 0.114815 0.0166667 0.0333333 0.114798
0 0.535937 0.12963 0.021875 0.037037 0.122529
0 0.0473958 0.737963 0.0947917 0.142593 0.240716
0 0.878125 0.360185 0.0708333 0.0685185 0.265144
0 0.55625 0.0824074 0.0125 0.0203704 0.281132
0 0.7375 0.185185 0.0270833 0.037037 0.344983
0 0.786458 0.253704 0.0416667 0.0481481 0.38964
0 0.471875 0.225926 0.0354167 0.0555556 0.454905
0 0.721875 0.617593 0.102083 0.187037 0.514236
0 0.5 0.150926 0.0208333 0.0425926 0.537379
0 0.305208 0.37963 0.0625 0.0814815 0.539659
0 0.538542 0.17037 0.025 0.0444444 0.687486
0 0.688542 0.19537 0.03125 0.0462963 0.728505
0 0.776042 0.376852 0.06875 0.0833333 0.771446
0 0.421354 0.288889 0.059375 0.111111 0.787885
0 0.746875 0.299074 0.0541667 0.0648148 0.798234
0 0.636458 0.183333 0.0270833 0.0444444 0.827738
0 0.514583 0.225926 0.0395833 0.062963 0.868349
0 0.659375 0.306481 0.0458333 0.0907407 0.871578
0 0.33125 0.501852 0.0791667 0.114815 0.872121
0 0.484375 0.334259 0.0541667 0.087037 0.939166
