0 0.473437 0.139815 0.0239583 0.0351852 0.0617628
0 0.670313 0.115741 0.0177083 0.0314815 0.0703475
0 0.784896 0.236111 0.0427083 0.0537037 0.0915789
0 0.501042 0.111111 0.0166667 0.0333333 0.248726
0 0.710938 0.178704 0.0322917 0.0462963 0.31201
0 0.467187 0.171296 0.0260417 0.0351852 0.445369
0 0.598958 0.132407 0.0291667 0.0462963 0.45546
0 0.658333 0.167593 0.0270833 0.0351852 0.539402
0 0.39375 0.199074 0.0333333 0.0462963 0.569817
0 0.444792 0.131481 0.025 0.0407407 0.595054
0 0.620833 0.219444 0.0458333 0.0648148 0.709627
0 0.702083 0.646296 0.09375 0.148148 0.734066
0 0.515104 0.163889 0.0260417 0.0425926 0.743531
0 0.311979 0.315741 0.0489583 0.0722222 0.799349
0 0.722396 0.305556 0.0510417 0.0740741 0.838906
0 0.439583 0.214815 0.0375 0.062963 0.842886
0 0.4125 0.264815 0.0479167 0.0740741 0.867279
0 0.489583 0.251852 0.0416667 0.0666667 0.880102
