0 0.673437 0.106481 0.015625 0.0351852 0.0573844
0 0.514063 0.1 0.0197917 0.037037 0.0752543
0 0.546875 0.0768519 0.0125 0.0277778 0.135244
0 0.499479 0.128704 0.0177083 0.0314815 0.184317
0 0.533333 0.142593 0.0229167 0.0407407 0.214956
0 0.246354 0.60463 0.111458 0.161111 0.223813
0 0.607292 0.101852 0.01875 0.037037 0.24974
0 0.420833 0.189815 0.03125 0.0537037 0.529646
0 0.525 0.182407 0.0270833 0.0351852 0.605241
0 0.644271 0.109259 0.021875 0.0407407 0.62019
0 0.199479 0.507407 0.0947917 0.118519 0.621063
0 0.479167 0.177778 0.0291667 0.0444444 0.625585
0 0.429688 0.277778 0.040625 0.0814815 0.688742
0 0.384375 0.338889 0.0791667 0.144444 0.715956
0 0.614062 0.132407 0.0197917 0.0351852 0.756258
0 0.507292 0.247222 0.0375 0.0611111 0.803793
0 0.665104 0.156481 0.0260417 0.0425926 0.818854
0 0.629687 0.206481 0.0302083 0.05 0.820265
0 0.465625 0.373148 0.0604167 0.101852 0.88376
