0 0.515104 0.087963 0.0114583 0.0203704 0.0506129
0 0.525 0.157407 0.0208333 0.0481481 0.0537907
0 0.54375 0.0740741 0.0104167 0.0259259 0.0552394
0 0.522917 0.141667 0.0229167 0.0388889 0.0917836
0 0.595312 0.115741 0.015625 0.0277778 0.148251
0 0.436458 0.165741 0.0229167 0.0388889 0.241348
0 0.489062 0.123148 0.028125 0.0611111 0.335048
0 0.411458 0.196296 0.03125 0.0407407 0.448345
0 0.521875 0.181481 0.0270833 0.0518519 0.493234
0 0.729167 0.573148 0.0958333 0.15 0.692382
0 0.469271 0.187037 0.0302083 0.062963 0.699411
0 0.609375 0.143519 0.0208333 0.0351852 0.714359
0 0.6875 0.22963 0.0354167 0.0518519 0.786683
0 0.507812 0.238889 0.0385417 0.062963 0.830791
0 0.753646 0.319444 0.0572917 0.087037 0.84533
0 0.475 0.328704 0.05 0.087037 0.861325
0 0.646354 0.284259 0.0447917 0.0648148 0.862449
0 0.423958 0.275 0.0458333 0.0833333 0.87859
