0 0.3125 0.898148 0.145833 0.174074 0.0773044
0 0.642187 0.111111 0.0135417 0.0259259 0.0794126
0 0.547917 0.0759259 0.0104167 0.0259259 0.0852589
0 0.982292 0.593518 0.0333333 0.087037 0.121477
0 0.208854 0.719444 0.138542 0.168519 0.129561
0 0.2125 0.437963 0.0854167 0.109259 0.203449
0 0.729688 0.67037 0.096875 0.181481 0.435631
0 0.609896 0.123148 0.021875 0.0351852 0.677335
0 0.835417 0.531482 0.102083 0.148148 0.681041
0 0.727604 0.182407 0.0302083 0.0462963 0.715402
0 0.627604 0.194444 0.0322917 0.0518519 0.749812
0 0.806771 0.321296 0.0552083 0.0759259 0.768358
0 0.502604 0.133333 0.0197917 0.0333333 0.792681
0 0.728646 0.287963 0.053125 0.0611111 0.799114
0 0.649479 0.262037 0.040625 0.0648148 0.819399
0 0.516146 0.184259 0.028125 0.0462963 0.840985
0 0.703646 0.22963 0.034375 0.0518519 0.875663
0 0.68125 0.424074 0.0604167 0.1 0.890175
