0 0.553125 0.062037 0.00833333 0.0166667 0.0634968
0 0.872396 0.250926 0.0635417 0.0574074 0.152903
0 0.609896 0.0953704 0.015625 0.0388889 0.242999
0 0.483854 0.15463 0.0239583 0.0351852 0.32146
0 0.48125 0.0990741 0.0145833 0.0351852 0.348487
0 0.757292 0.216667 0.0354167 0.0592593 0.445974
0 0.838542 0.313889 0.0729167 0.0907407 0.570162
0 0.540104 0.0916667 0.0177083 0.0277778 0.57223
0 0.948438 0.505556 0.103125 0.125926 0.602715
0 0.533333 0.138889 0.0229167 0.037037 0.705721
0 0.347396 0.315741 0.053125 0.0796296 0.753764
0 0.773438 0.367593 0.0739583 0.101852 0.802729
0 0.630729 0.20463 0.0364583 0.0611111 0.804013
0 0.502604 0.12037 0.0197917 0.037037 0.814995
0 0.517708 0.199074 0.03125 0.0537037 0.861907
0 0.495833 0.287037 0.04375 0.0888889 0.874063
0 0.672396 0.347222 0.0572917 0.0907407 0.899083
0 0.423438 0.273148 0.0447917 0.0722222 0.906113
