0 0.214062 0.343519 0.046875 0.0537037 0.0542895
0 0.744792 0.182407 0.0333333 0.0462963 0.064648
0 0.649479 0.1 0.0177083 0.0296296 0.066497
0 0.708854 0.139815 0.0260417 0.0388889 0.119106
0 0.623438 0.124074 0.0239583 0.037037 0.178191
0 0.726042 0.556481 0.110417 0.142593 0.249116
0 0.636458 0.162963 0.025 0.0444444 0.25915
0 0.8875 0.557407 0.10625 0.159259 0.433059
0 0.502604 0.116667 0.0197917 0.0407407 0.453459
0 0.215104 0.34537 0.071875 0.0833333 0.488178
0 0.631771 0.2 0.0322917 0.0518519 0.565976
0 0.895833 0.373148 0.0791667 0.087037 0.638275
0 0.293229 0.555556 0.101042 0.148148 0.682567
0 0.724479 0.243519 0.040625 0.0648148 0.706557
0 0.433333 0.167593 0.0270833 0.0462963 0.724734
0 0.490104 0.160185 0.0260417 0.0425926 0.751653
0 0.527083 0.180556 0.03125 0.0462963 0.768076
0 0.648438 0.255556 0.0385417 0.0592593 0.774967
0 0.676042 0.333333 0.0583333 0.0777778 0.778519
0 0.310937 0.346296 0.0614583 0.0814815 0.785256
0 0.794792 0.391667 0.0645833 0.127778 0.785468
0 0.540625 0.114815 0.0229167 0.037037 0.786842
0 0.690104 0.184259 0.0302083 0.0425926 0.806946
0 0.439583 0.494444 0.08125 0.122222 0.857879
0 0.4625 0.209259 0.0354167 0.0518519 0.873401
0 0.405729 0.321296 0.0510417 0.0796296 0.875895
