0 0.448958 0.151852 0.0208333 0.037037 0.0741266
0 0.539583 0.108333 0.01875 0.0388889 0.0877755
0 0.472917 0.197222 0.0291667 0.0537037 0.213082
0 0.421354 0.184259 0.0239583 0.0425926 0.28889
0 0.497396 0.137963 0.0197917 0.0351852 0.322682
0 0.532812 0.142593 0.0177083 0.0296296 0.389674
0 0.613542 0.12963 0.025 0.0444444 0.392248
0 0.444792 0.230556 0.0458333 0.0796296 0.701826
0 0.525 0.17963 0.0270833 0.0444444 0.719857
0 0.659375 0.144444 0.0270833 0.0518519 0.734
0 0.696354 0.217593 0.0364583 0.0574074 0.765009
0 0.339063 0.310185 0.0489583 0.0611111 0.772037
0 0.23125 0.450926 0.0770833 0.112963 0.809293
0 0.507292 0.242593 0.0354167 0.0592593 0.853422
0 0.620833 0.171296 0.0270833 0.0388889 0.854099
0 0.336458 0.480556 0.0791667 0.112963 0.880134
0 0.395312 0.323148 0.0552083 0.0944444 0.883056
0 0.653125 0.309259 0.0479167 0.0740741 0.894441
