0 0.154167 0.762963 0.15625 0.196296 0.0519069
0 0.740625 0.669444 0.145833 0.209259 0.0535594
0 0.428646 0.169444 0.0197917 0.0351852 0.0645551
0 0.130729 0.607407 0.115625 0.155556 0.0781292
0 0.432813 0.255556 0.040625 0.0592593 0.0871557
0 0.604688 0.0981481 0.0177083 0.037037 0.126174
0 0.359896 0.261111 0.0447917 0.0518519 0.186878
0 0.546875 0.0814815 0.0145833 0.0259259 0.24587
0 0.510938 0.10463 0.0177083 0.0351852 0.2629
0 0.408854 0.20463 0.0322917 0.0574074 0.315987
0 0.530729 0.150926 0.0260417 0.0462963 0.317581
0 0.495833 0.137963 0.0208333 0.0351852 0.333448
0 0.360938 0.388889 0.0864583 0.166667 0.488016
0 0.472396 0.197222 0.0302083 0.0462963 0.519363
0 0.641146 0.10463 0.0177083 0.0388889 0.536495
0 0.611458 0.125926 0.0208333 0.0296296 0.608109
0 0.521354 0.198148 0.0322917 0.0481481 0.611493
0 0.4125 0.310185 0.0479167 0.0907407 0.690099
0 0.498958 0.275926 0.04375 0.0703704 0.781452
0 0.659896 0.143519 0.0239583 0.0425926 0.793915
0 0.626562 0.192593 0.0302083 0.0481481 0.801237
0 0.447917 0.433333 0.06875 0.107407 0.842748
