0 0.500521 0.166667 0.0260417 0.0555556 0.0510449
0 0.972917 0.381481 0.0541667 0.0777778 0.0550376
0 0.595312 0.0685185 0.0114583 0.0259259 0.0570592
0 0.798437 0.200926 0.0385417 0.05 0.0786316
0 0.0927083 0.913889 0.13125 0.142593 0.0841065
0 0.524479 0.0694444 0.0114583 0.0203704 0.139843
0 0.546354 0.0805556 0.0135417 0.0240741 0.230551
0 0.984896 0.89537 0.0302083 0.101852 0.283451
0 0.606771 0.114815 0.021875 0.037037 0.515408
0 0.716667 0.17037 0.0270833 0.037037 0.515755
0 0.15 0.525 0.102083 0.142593 0.524216
0 0.952604 0.50463 0.0947917 0.109259 0.640984
0 0.498958 0.140741 0.0208333 0.037037 0.715322
0 0.799479 0.455556 0.090625 0.118519 0.771958
0 0.643229 0.237963 0.040625 0.0574074 0.792536
0 0.624479 0.177778 0.028125 0.0444444 0.802145
0 0.704167 0.562037 0.0916667 0.131481 0.804877
0 0.693229 0.210185 0.0302083 0.0425926 0.81739
0 0.716667 0.262963 0.04375 0.062963 0.822533
0 0.66875 0.367593 0.05625 0.0907407 0.845712
0 0.510417 0.199074 0.03125 0.0537037 0.868692
0 0.786979 0.283333 0.046875 0.0555556 0.873105
