0 0.664062 0.119444 0.0239583 0.0388889 0.0925178
0 0.927604 0.741667 0.132292 0.172222 0.100075
0 0.619792 0.111111 0.0166667 0.0296296 0.106127
0 0.529167 0.0953704 0.0145833 0.0314815 0.116043
0 0.694792 0.168519 0.0291667 0.037037 0.133392
0 0.489062 0.118519 0.021875 0.0333333 0.135384
0 0.761979 0.243519 0.0489583 0.0462963 0.236241
0 0.728646 0.202778 0.0364583 0.05 0.239769
0 0.604688 0.166667 0.021875 0.0518519 0.260247
0 0.580729 0.0796296 0.015625 0.0333333 0.333555
0 0.601562 0.148148 0.0177083 0.0333333 0.447267
0 0.523958 0.124074 0.01875 0.0296296 0.500432
0 0.971354 0.608333 0.0572917 0.116667 0.500936
0 0.719792 0.665741 0.09375 0.190741 0.594672
0 0.663542 0.187037 0.0291667 0.0407407 0.678775
0 0.605729 0.182407 0.0260417 0.0425926 0.71816
0 0.271354 0.534259 0.0947917 0.131481 0.75408
0 0.626562 0.255556 0.0385417 0.0666667 0.772145
0 0.689062 0.256481 0.040625 0.0611111 0.791119
0 0.65 0.366667 0.0625 0.107407 0.857695
0 0.227604 0.42963 0.0802083 0.0925926 0.870973
