0 0.657812 0.115741 0.0177083 0.0314815 0.0627551
0 0.505729 0.109259 0.0302083 0.0518519 0.0960084
0 0.6125 0.0814815 0.0125 0.0259259 0.09668
0 0.806771 0.816667 0.144792 0.174074 0.109805
0 0.695312 0.111111 0.015625 0.0259259 0.118646
0 0.965104 0.851852 0.0697917 0.159259 0.158023
0 0.963021 0.337963 0.0677083 0.0648148 0.215882
0 0.64375 0.208333 0.0375 0.0685185 0.223768
0 0.552604 0.0657407 0.0135417 0.0240741 0.258639
0 0.766146 0.19537 0.0322917 0.0537037 0.368704
0 0.627083 0.14537 0.025 0.0425926 0.449957
0 0.821875 0.191667 0.0375 0.0537037 0.471093
0 0.64375 0.183333 0.025 0.037037 0.524121
0 0.969792 0.499074 0.0604167 0.112963 0.566129
0 0.282292 0.574074 0.104167 0.185185 0.574284
0 0.742188 0.249074 0.0427083 0.0574074 0.662866
0 0.676562 0.141667 0.0239583 0.0388889 0.728736
0 0.83125 0.281481 0.0541667 0.0666667 0.799218
0 0.688021 0.363889 0.065625 0.124074 0.803722
0 0.436979 0.494444 0.0822917 0.125926 0.807321
0 0.511979 0.215741 0.040625 0.0648148 0.820212
0 0.648438 0.246296 0.0427083 0.0740741 0.820437
0 0.815625 0.401852 0.0708333 0.0962963 0.821103
0 0.709896 0.20463 0.0364583 0.0648148 0.851094
0 0.456771 0.210185 0.0385417 0.0648148 0.880134
0 0.331771 0.307407 0.0552083 0.0777778 0.881069
0 0.403646 0.35463 0.0572917 0.101852 0.888346
