0 0.491667 0.158333 0.0270833 0.05 0.0615309
0 0.539583 0.135185 0.0208333 0.0296296 0.066149
0 0.5125 0.135185 0.01875 0.0333333 0.139201
0 0.110417 0.608333 0.108333 0.15 0.151391
0 0.473958 0.211111 0.0270833 0.0333333 0.173629
0 0.620313 0.144444 0.0239583 0.037037 0.253726
0 0.436458 0.194444 0.0270833 0.0444444 0.299047
0 0.604167 0.106481 0.0145833 0.0240741 0.332581
0 0.658854 0.150926 0.021875 0.0314815 0.405252
0 0.717188 0.17963 0.0260417 0.037037 0.429833
0 0.377604 0.266667 0.040625 0.062963 0.609603
0 0.854167 0.358333 0.0625 0.0796296 0.63816
0 0.680208 0.207407 0.0291667 0.0518519 0.656201
0 0.533854 0.169444 0.0239583 0.0314815 0.70311
0 0.302604 0.376852 0.0614583 0.087037 0.712897
0 0.756771 0.234259 0.0364583 0.05 0.72408
0 0.292708 0.557407 0.0916667 0.133333 0.759597
0 0.621354 0.182407 0.0260417 0.0388889 0.760179
0 0.726562 0.289815 0.046875 0.0685185 0.790976
0 0.455729 0.249074 0.0385417 0.0574074 0.822025
0 0.677604 0.381481 0.0572917 0.0888889 0.842879
0 0.785417 0.42037 0.0770833 0.1 0.849611
0 0.517187 0.240741 0.034375 0.0592593 0.904218
