0 0.459375 0.232407 0.0395833 0.101852 0.0625029
0 0.503646 0.139815 0.0239583 0.0314815 0.104144
0 0.0541667 0.712037 0.108333 0.164815 0.131267
0 0.636458 0.202778 0.0354167 0.0462963 0.145292
0 0.778646 0.238889 0.0427083 0.0444444 0.207188
0 0.403646 0.224074 0.0322917 0.062963 0.216372
0 0.672396 0.180556 0.0260417 0.0425926 0.242719
0 0.717708 0.178704 0.03125 0.0462963 0.287319
0 0.646354 0.157407 0.021875 0.0407407 0.300706
0 0.614062 0.142593 0.0197917 0.037037 0.31239
0 0.540625 0.134259 0.0166667 0.0314815 0.391218
0 0.435937 0.187963 0.0239583 0.0388889 0.463737
0 0.646875 0.242593 0.0416667 0.0592593 0.629727
0 0.803646 0.291667 0.0552083 0.0796296 0.685852
0 0.770833 0.184259 0.0333333 0.0537037 0.695925
0 0.782292 0.435185 0.0895833 0.114815 0.721571
0 0.269792 0.502778 0.0916667 0.131481 0.740304
0 0.701563 0.235185 0.0385417 0.0592593 0.747096
0 0.961458 0.525926 0.0770833 0.107407 0.787317
0 0.654167 0.325 0.0541667 0.0833333 0.821678
0 0.458333 0.232407 0.0333333 0.0537037 0.856933
0 0.438542 0.510185 0.0791667 0.12037 0.874482
0 0.490104 0.275926 0.0447917 0.0888889 0.902351
