0 0.740625 0.291667 0.05625 0.135185 0.0546287
0 0.533333 0.140741 0.0229167 0.0481481 0.0652138
0 0.39375 0.236111 0.0395833 0.0537037 0.143003
0 0.93125 0.331481 0.0666667 0.0555556 0.153747
0 0.0614583 0.933333 0.122917 0.103704 0.178256
0 0.555729 0.0851852 0.0114583 0.0222222 0.187361
0 0.610937 0.110185 0.015625 0.0277778 0.221713
0 0.736979 0.291667 0.0510417 0.0685185 0.239966
0 0.459375 0.244444 0.0354167 0.0592593 0.424952
0 0.280729 0.607407 0.103125 0.159259 0.539489
0 0.731771 0.175926 0.0239583 0.0407407 0.616226
0 0.680208 0.181481 0.03125 0.0481481 0.635873
0 0.2625 0.436111 0.0729167 0.0981481 0.695772
0 0.495313 0.159259 0.021875 0.0407407 0.706117
0 0.535937 0.184259 0.0239583 0.0388889 0.743781
0 0.694271 0.507407 0.0802083 0.122222 0.753194
0 0.634375 0.17037 0.0229167 0.0407407 0.761947
0 0.731771 0.272222 0.0447917 0.0592593 0.779888
0 0.773438 0.235185 0.0364583 0.0555556 0.783062
0 0.399479 0.325 0.0697917 0.135185 0.787414
0 0.846354 0.326852 0.0635417 0.0759259 0.816081
0 0.756771 0.337963 0.059375 0.0759259 0.830863
0 0.50625 0.248148 0.0395833 0.0703704 0.836615
0 0.651563 0.276852 0.040625 0.0833333 0.840079
0 0.466146 0.381481 0.0614583 0.0962963 0.907324
