0 0.614062 0.107407 0.0177083 0.0259259 0.0587688
0 0.0109375 0.814815 0.021875 0.107407 0.0644215
0 0.983333 0.900926 0.0333333 0.116667 0.119418
0 0.648438 0.108333 0.0135417 0.0277778 0.127746
0 0.308854 0.257407 0.0385417 0.0592593 0.130356
0 0.609896 0.0814815 0.0114583 0.0222222 0.161893
0 0.513021 0.116667 0.0197917 0.0296296 0.188867
0 0.65625 0.285185 0.0458333 0.0777778 0.193434
0 0.7125 0.141667 0.0229167 0.0425926 0.218221
0 0.466146 0.127778 0.0197917 0.0333333 0.327038
0 0.658333 0.151852 0.0291667 0.0407407 0.342124
0 0.768229 0.671296 0.101042 0.164815 0.435898
0 0.55 0.0851852 0.0166667 0.0296296 0.528828
0 0.751042 0.206481 0.0395833 0.0462963 0.618365
0 0.498437 0.140741 0.021875 0.037037 0.63791
0 0.545833 0.123148 0.0208333 0.0314815 0.655535
0 0.819271 0.294444 0.0572917 0.0666667 0.679537
0 0.623438 0.12963 0.0239583 0.0407407 0.712185
0 0.266667 0.398148 0.08125 0.1 0.721118
0 0.659375 0.251852 0.0395833 0.0592593 0.731665
0 0.405208 0.225 0.0354167 0.05 0.75313
0 0.655208 0.317593 0.0479167 0.0685185 0.753983
0 0.470313 0.196296 0.0302083 0.0518519 0.820168
0 0.639063 0.188889 0.0302083 0.0481481 0.859958
0 0.519271 0.231481 0.0385417 0.0592593 0.865294
0 0.738542 0.284259 0.0479167 0.0722222 0.867575
0 0.439583 0.27037 0.0395833 0.062963 0.871329
0 0.807292 0.417593 0.0729167 0.0981481 0.896037
0 0.6875 0.434259 0.0708333 0.101852 0.902036
