0 0.916667 0.647222 0.164583 0.17963 0.0766355
0 0.469271 0.131481 0.0135417 0.0296296 0.0880681
0 0.544271 0.106481 0.015625 0.0277778 0.0908482
0 0.757292 0.77037 0.152083 0.177778 0.100488
0 0.503125 0.142593 0.01875 0.0333333 0.103838
0 0.600521 0.115741 0.0135417 0.0314815 0.145304
0 0.920833 0.460185 0.0354167 0.0759259 0.185814
0 0.651042 0.126852 0.0208333 0.0351852 0.206245
0 0.725 0.174074 0.0291667 0.0407407 0.221033
0 0.611979 0.133333 0.0177083 0.0333333 0.353613
0 0.449479 0.156481 0.021875 0.0388889 0.407099
0 0.134896 0.534259 0.111458 0.138889 0.518079
0 0.0192708 0.0462963 0.0385417 0.0444444 0.519972
0 0.485938 0.171296 0.021875 0.0388889 0.556062
0 0.852083 0.35 0.06875 0.0888889 0.576723
0 0.285417 0.549074 0.1 0.183333 0.580796
0 0.679688 0.181481 0.028125 0.0444444 0.662683
0 0.411458 0.201852 0.0354167 0.062963 0.728193
0 0.625 0.183333 0.0291667 0.0407407 0.753399
0 0.448958 0.242593 0.0354167 0.0555556 0.771959
0 0.68125 0.394444 0.0729167 0.111111 0.77665
0 0.719792 0.27037 0.0479167 0.0851852 0.787859
0 0.656771 0.27963 0.046875 0.0777778 0.82011
0 0.509375 0.261111 0.0458333 0.062963 0.860972
0 0.384896 0.37963 0.0614583 0.0962963 0.89177
0 0.438542 0.475 0.0833333 0.112963 0.899564
