0 0.336979 0.886111 0.163542 0.168519 0.0610161
0 0.336979 0.22963 0.040625 0.0444444 0.07464
0 0.622917 0.153704 0.025 0.0333333 0.0899654
0 0.78125 0.858333 0.139583 0.172222 0.0911243
0 0.601042 0.0925926 0.0125 0.0222222 0.0939457
0 0.468229 0.183333 0.028125 0.037037 0.181033
0 0.783333 0.580556 0.04375 0.087037 0.187516
0 0.488542 0.14537 0.03125 0.0537037 0.257874
0 0.609896 0.122222 0.0177083 0.0296296 0.514982
0 0.422917 0.189815 0.0291667 0.05 0.550062
0 0.457292 0.237037 0.0354167 0.0444444 0.552565
0 0.273438 0.591667 0.105208 0.164815 0.655955
0 0.734375 0.189815 0.0333333 0.0425926 0.656804
0 0.659375 0.149074 0.0270833 0.05 0.683263
0 0.533333 0.152778 0.025 0.0388889 0.689231
0 0.2625 0.390741 0.0729167 0.122222 0.690272
0 0.928646 0.412037 0.090625 0.0944444 0.749134
0 0.383333 0.24537 0.0375 0.0574074 0.750715
0 0.630729 0.19537 0.0364583 0.0574074 0.805691
0 0.644271 0.278704 0.046875 0.0722222 0.813414
0 0.415625 0.300926 0.04375 0.0907407 0.830858
0 0.810417 0.453704 0.0895833 0.111111 0.843706
0 0.703125 0.235185 0.04375 0.0740741 0.881449
