0 0.783333 0.577778 0.0479167 0.0851852 0.0516988
0 0.710417 0.546296 0.05 0.0888889 0.0596213
0 0.346875 0.212963 0.0354167 0.0555556 0.0652813
0 0.596875 0.0805556 0.0145833 0.0240741 0.130195
0 0.153125 0.528704 0.110417 0.168519 0.190241
0 0.716667 0.166667 0.025 0.0444444 0.248911
0 0.29375 0.272222 0.0375 0.0518519 0.299373
0 0.605729 0.108333 0.015625 0.0314815 0.309813
0 0.533333 0.135185 0.0208333 0.0333333 0.331816
0 0.648958 0.126852 0.025 0.05 0.461769
0 0.478125 0.167593 0.0333333 0.0574074 0.485732
0 0.448438 0.140741 0.021875 0.0444444 0.589377
0 0.526563 0.175 0.0302083 0.0425926 0.67824
0 0.400521 0.22037 0.034375 0.0444444 0.686295
0 0.845312 0.289815 0.0572917 0.0685185 0.698908
0 0.433854 0.27963 0.046875 0.0703704 0.721733
0 0.453125 0.216667 0.0354167 0.0592593 0.792764
0 0.633333 0.233333 0.0375 0.0555556 0.796461
0 0.35 0.283333 0.04375 0.0777778 0.808389
0 0.623438 0.166667 0.0322917 0.0518519 0.815661
0 0.682813 0.193519 0.0364583 0.0611111 0.819808
0 0.370313 0.387037 0.0572917 0.111111 0.837089
0 0.705208 0.551852 0.0854167 0.122222 0.838989
0 0.753125 0.335185 0.0583333 0.0888889 0.897944
