0 0.534896 0.112963 0.0114583 0.0296296 0.0673997
0 0.973958 0.394444 0.0520833 0.0777778 0.0905012
0 0.717708 0.163889 0.025 0.0351852 0.0981789
0 0.528646 0.178704 0.0239583 0.0425926 0.112822
0 0.330729 0.45463 0.101042 0.142593 0.234521
0 0.607813 0.106481 0.0135417 0.0314815 0.237852
0 0.834375 0.942593 0.09375 0.062963 0.280078
0 0.446875 0.262037 0.0395833 0.05 0.317366
0 0.351042 0.292593 0.0541667 0.0555556 0.369598
0 0.669271 0.165741 0.0260417 0.0425926 0.423058
0 0.554688 0.0972222 0.0135417 0.0240741 0.477248
0 0.748958 0.208333 0.03125 0.0425926 0.636559
0 0.706771 0.234259 0.034375 0.0462963 0.638261
0 0.965104 0.523148 0.0697917 0.101852 0.641371
0 0.414583 0.553704 0.0916667 0.148148 0.666728
0 0.723958 0.277778 0.04375 0.0592593 0.705817
0 0.628125 0.156481 0.0208333 0.0388889 0.722604
0 0.527083 0.221296 0.0333333 0.0462963 0.72992
0 0.482292 0.187037 0.0229167 0.0518519 0.759142
0 0.429167 0.30463 0.0458333 0.0759259 0.774713
0 0.640104 0.240741 0.0322917 0.062963 0.801681
0 0.8 0.274074 0.0479167 0.0592593 0.813919
0 0.486458 0.310185 0.05 0.0907407 0.830238
0 0.66875 0.382407 0.05625 0.105556 0.859433
