0 0.721875 0.161111 0.0333333 0.0592593 0.0719899
0 0.600521 0.0953704 0.0135417 0.0314815 0.0865381
0 0.60625 0.137963 0.01875 0.0425926 0.106782
0 0.360417 0.749074 0.125 0.187037 0.139845
0 0.330729 0.45463 0.0989583 0.142593 0.256904
0 0.989583 0.598148 0.01875 0.0703704 0.271673
0 0.654167 0.136111 0.01875 0.0314815 0.338372
0 0.470313 0.12963 0.015625 0.0333333 0.338433
0 0.502083 0.131481 0.0145833 0.037037 0.356537
0 0.768229 0.230556 0.0385417 0.0537037 0.421866
0 0.813021 0.456481 0.0927083 0.164815 0.47015
0 0.313021 0.330556 0.0572917 0.0648148 0.488286
0 0.444271 0.156481 0.0260417 0.0462963 0.682353
0 0.480729 0.17963 0.0239583 0.037037 0.714974
0 0.405729 0.314815 0.0552083 0.0925926 0.72667
0 0.619792 0.167593 0.0229167 0.0388889 0.735544
0 0.672396 0.165741 0.028125 0.0425926 0.753603
0 0.214062 0.475926 0.0885417 0.1 0.795304
0 0.189583 0.380556 0.075 0.0833333 0.79649
0 0.732292 0.253704 0.0375 0.0592593 0.80323
0 0.530208 0.181481 0.0291667 0.0481481 0.812346
0 0.639063 0.249074 0.0427083 0.0648148 0.832434
0 0.497917 0.273148 0.04375 0.0685185 0.837421
0 0.701563 0.447222 0.071875 0.12037 0.862046
0 0.449479 0.248148 0.0385417 0.0592593 0.864472
0 0.45 0.468519 0.0708333 0.107407 0.881837
