0 0.788021 0.573148 0.046875 0.0907407 0.0550096
0 0.748438 0.192593 0.0364583 0.0518519 0.0652209
0 0.640625 0.0990741 0.0145833 0.0314815 0.0808643
0 0.980729 0.543519 0.0385417 0.101852 0.0955672
0 0.6125 0.0925926 0.0145833 0.0296296 0.102027
0 0.55 0.0527778 0.00833333 0.0166667 0.107274
0 0.668229 0.156481 0.0239583 0.0388889 0.160892
0 0.629167 0.190741 0.03125 0.0518519 0.313609
0 0.893229 0.385185 0.078125 0.0925926 0.383691
0 0.516146 0.0907407 0.0135417 0.0259259 0.508516
0 0.738021 0.264815 0.053125 0.0851852 0.584653
0 0.621875 0.148148 0.025 0.0407407 0.62004
0 0.545833 0.0842593 0.0145833 0.0240741 0.674766
0 0.489062 0.127778 0.0260417 0.0555556 0.725882
0 0.80625 0.399074 0.0833333 0.116667 0.782212
0 0.639063 0.252778 0.0489583 0.0759259 0.791088
0 0.229687 0.42963 0.0864583 0.111111 0.810372
0 0.699479 0.467593 0.0760417 0.12037 0.830245
0 0.685938 0.194444 0.0322917 0.0518519 0.831349
0 0.527604 0.164815 0.028125 0.0444444 0.874284
0 0.440104 0.399074 0.0635417 0.101852 0.908248
