0 0.788542 0.431481 0.05 0.0740741 0.0546557
0 0.49375 0.0972222 0.0166667 0.0314815 0.0581839
0 0.754167 0.819444 0.15 0.209259 0.066131
0 0.525 0.0814815 0.0125 0.0222222 0.088304
0 0.692708 0.155556 0.0229167 0.0407407 0.0883899
0 0.3375 0.665741 0.141667 0.17963 0.0981943
0 0.727083 0.199074 0.04375 0.0462963 0.112057
0 0.989583 0.639815 0.01875 0.0907407 0.300557
0 0.581771 0.109259 0.0197917 0.0444444 0.375345
0 0.891146 0.30463 0.078125 0.087037 0.418283
0 0.390625 0.191667 0.0291667 0.05 0.428146
0 0.785417 0.312963 0.0729167 0.0703704 0.489953
0 0.896875 0.427778 0.09375 0.0925926 0.491618
0 0.626042 0.12963 0.0208333 0.0407407 0.582061
0 0.651563 0.188889 0.034375 0.0481481 0.713401
0 0.625 0.261111 0.0395833 0.062963 0.818455
0 0.642187 0.374074 0.0614583 0.0925926 0.838743
0 0.446875 0.189815 0.0291667 0.0425926 0.843581
0 0.783333 0.44537 0.0791667 0.105556 0.844999
0 0.382812 0.309259 0.0510417 0.0777778 0.862643
