0 0.793229 0.914815 0.123958 0.140741 0.144746
0 0.0104167 0.796296 0.0208333 0.107407 0.179085
0 0.59375 0.0805556 0.0104167 0.0203704 0.181398
0 0.788542 0.259259 0.05 0.0481481 0.242786
0 0.393229 0.32037 0.0677083 0.125926 0.365002
0 0.538021 0.115741 0.015625 0.0314815 0.433962
0 0.255729 0.60463 0.105208 0.157407 0.505238
0 0.404167 0.649074 0.09375 0.183333 0.519656
0 0.659375 0.134259 0.0229167 0.0388889 0.542302
0 0.490104 0.140741 0.0197917 0.037037 0.589784
0 0.135417 0.575926 0.10625 0.155556 0.606067
0 0.617708 0.160185 0.0229167 0.0351852 0.655648
0 0.331771 0.296296 0.053125 0.0777778 0.770264
0 0.605208 0.123148 0.01875 0.0314815 0.798508
0 0.698958 0.228704 0.0375 0.0574074 0.834472
0 0.631771 0.205556 0.0302083 0.0518519 0.841953
0 0.476042 0.29537 0.04375 0.0722222 0.896392
0 0.6625 0.336111 0.0520833 0.0981481 0.9273
0 0.457812 0.401852 0.059375 0.0962963 0.929812
