0 0.941146 0.761111 0.117708 0.162963 0.0749793
0 0.543229 0.0740741 0.0135417 0.0333333 0.0798649
0 0.256771 0.286111 0.0760417 0.109259 0.0859505
0 0.433854 0.200926 0.040625 0.05 0.103861
0 0.749479 0.727778 0.138542 0.166667 0.107874
0 0.510938 0.0925926 0.0114583 0.0222222 0.135959
0 0.45625 0.137037 0.0208333 0.0333333 0.33483
0 0.604688 0.125926 0.0197917 0.0296296 0.411626
0 0.520833 0.163889 0.0229167 0.0425926 0.42059
0 0.388021 0.225 0.0385417 0.0537037 0.647053
0 0.482292 0.141667 0.025 0.0611111 0.687713
0 0.417188 0.193519 0.028125 0.0462963 0.724112
0 0.670833 0.193519 0.0291667 0.0425926 0.731366
0 0.493229 0.283333 0.0489583 0.0814815 0.757393
0 0.515104 0.208333 0.0322917 0.0462963 0.79574
0 0.725521 0.256481 0.046875 0.0759259 0.79864
0 0.450521 0.226852 0.0364583 0.0537037 0.815793
0 0.631771 0.231481 0.040625 0.0555556 0.833077
0 0.382292 0.341667 0.0604167 0.0981481 0.881705
0 0.677083 0.4 0.0645833 0.111111 0.887977
0 0.440625 0.42963 0.0645833 0.103704 0.889858
