0 0.175521 0.719444 0.171875 0.194444 0.0583105
0 0.0578125 0.506481 0.101042 0.142593 0.0715308
0 0.533854 0.115741 0.0135417 0.0277778 0.0744922
0 0.627083 0.102778 0.0145833 0.0277778 0.076631
0 0.308854 0.864815 0.153125 0.174074 0.0818972
0 0.954167 0.878704 0.0916667 0.157407 0.136408
0 0.482812 0.22963 0.040625 0.0518519 0.150026
0 0.0979167 0.611111 0.104167 0.12963 0.168188
0 0.520312 0.139815 0.0197917 0.0351852 0.371671
0 0.494792 0.121296 0.01875 0.0388889 0.407546
0 0.646875 0.142593 0.0208333 0.037037 0.552823
0 0.861458 0.378704 0.08125 0.0796296 0.603474
0 0.602083 0.124074 0.0208333 0.037037 0.669004
0 0.322396 0.301852 0.0614583 0.0888889 0.70348
0 0.4875 0.24537 0.0375 0.0611111 0.808174
0 0.45625 0.196296 0.0333333 0.0481481 0.840572
0 0.360417 0.423148 0.0708333 0.101852 0.854052
0 0.407292 0.299074 0.05 0.0759259 0.86819
0 0.615104 0.218519 0.0322917 0.0518519 0.870624
0 0.477083 0.350926 0.05625 0.0944444 0.873356
0 0.650521 0.325 0.0510417 0.087037 0.874378
