0 0.496354 0.0888889 0.0135417 0.0296296 0.0507849
0 0.961979 0.377778 0.0697917 0.0703704 0.060493
0 0.485938 0.127778 0.0177083 0.0333333 0.103068
0 0.733854 0.713889 0.130208 0.168519 0.131562
0 0.196875 0.677778 0.120833 0.148148 0.177656
0 0.633854 0.132407 0.0260417 0.0388889 0.218151
0 0.842188 0.349074 0.0697917 0.0833333 0.304246
0 0.7875 0.271296 0.0520833 0.0648148 0.323432
0 0.614583 0.207407 0.0375 0.0666667 0.330357
0 0.527083 0.0953704 0.0145833 0.0240741 0.518388
0 0.583333 0.087037 0.0166667 0.037037 0.623657
0 0.728646 0.215741 0.0364583 0.05 0.640739
0 0.611979 0.184259 0.028125 0.0388889 0.687213
0 0.340625 0.268519 0.0416667 0.0592593 0.695458
0 0.619792 0.244444 0.04375 0.062963 0.800437
0 0.704167 0.261111 0.0416667 0.0666667 0.801676
0 0.661979 0.387037 0.0635417 0.107407 0.834949
0 0.403646 0.280556 0.0427083 0.0685185 0.855573
0 0.76875 0.428704 0.075 0.0944444 0.882498
