0 0.600521 0.101852 0.015625 0.0259259 0.0543425
0 0.951563 0.868519 0.096875 0.155556 0.1616
0 0.540625 0.108333 0.0166667 0.0314815 0.21764
0 0.863021 0.359259 0.084375 0.0814815 0.315298
0 0.667188 0.164815 0.0260417 0.0444444 0.595515
0 0.49375 0.144444 0.0270833 0.0444444 0.598555
0 0.617188 0.147222 0.0239583 0.0388889 0.614404
0 0.719792 0.618519 0.1 0.159259 0.671558
0 0.276563 0.4 0.0739583 0.0962963 0.719039
0 0.376563 0.616667 0.103125 0.162963 0.734852
0 0.528646 0.162037 0.0239583 0.0351852 0.74483
0 0.631771 0.206481 0.034375 0.0574074 0.805785
0 0.467187 0.20463 0.0322917 0.0462963 0.812447
0 0.795313 0.448148 0.078125 0.103704 0.859801
0 0.671875 0.4 0.0583333 0.103704 0.881611
