0 0.530208 0.178704 0.0333333 0.0759259 0.0721501
0 0.195312 0.778704 0.153125 0.168519 0.0833677
0 0.460938 0.236111 0.0302083 0.05 0.141517
0 0.723958 0.166667 0.0208333 0.037037 0.160505
0 0.554688 0.0916667 0.0114583 0.0203704 0.226125
0 0.376042 0.259259 0.0458333 0.0518519 0.273642
0 0.609375 0.108333 0.0125 0.0277778 0.274202
0 0.2125 0.510185 0.0958333 0.12037 0.348696
0 0.369792 0.375 0.0791667 0.135185 0.388318
0 0.761458 0.219444 0.0333333 0.0537037 0.59614
0 0.720312 0.248148 0.0447917 0.0518519 0.619999
0 0.675521 0.171296 0.028125 0.0425926 0.62913
0 0.532292 0.198148 0.0291667 0.0444444 0.643897
0 0.820833 0.294444 0.05625 0.062963 0.65108
0 0.489062 0.171296 0.021875 0.0425926 0.654924
0 0.445833 0.272222 0.0375 0.0555556 0.659228
0 0.740104 0.299074 0.0510417 0.0685185 0.741885
0 0.631771 0.164815 0.021875 0.0333333 0.755523
0 0.645312 0.25463 0.0385417 0.0759259 0.78178
0 0.498437 0.276852 0.0447917 0.0796296 0.817754
0 0.443229 0.452778 0.0760417 0.116667 0.834682
0 0.680729 0.435185 0.0697917 0.107407 0.846829
