0 0.597917 0.100926 0.0104167 0.0203704 0.0606185
0 0.660937 0.158333 0.0302083 0.0425926 0.0623522
0 0.901563 0.664815 0.0635417 0.214815 0.0726651
0 0.322396 0.763889 0.121875 0.153704 0.130573
0 0.663021 0.160185 0.0197917 0.0277778 0.158386
0 0.899479 0.665741 0.126042 0.142593 0.170208
0 0.50625 0.124074 0.0166667 0.0259259 0.206828
0 0.431771 0.187037 0.0260417 0.0407407 0.261316
0 0.540625 0.121296 0.0166667 0.0277778 0.269431
0 0.614062 0.142593 0.0197917 0.037037 0.29594
0 0.218229 0.47963 0.0947917 0.103704 0.407989
0 0.489583 0.155556 0.0291667 0.0481481 0.636807
0 0.526563 0.175926 0.028125 0.0407407 0.701456
0 0.835417 0.322222 0.05625 0.0814815 0.777481
0 0.627083 0.199074 0.0333333 0.05 0.797273
0 0.702083 0.527778 0.08125 0.122222 0.851914
0 0.459896 0.228704 0.0322917 0.0537037 0.868915
0 0.661979 0.360185 0.053125 0.087037 0.884738
0 0.767187 0.391667 0.071875 0.0944444 0.892287
