0 0.8875 0.271296 0.0645833 0.0722222 0.0552135
0 0.470313 0.112963 0.015625 0.0259259 0.0650084
0 0.607813 0.0981481 0.0135417 0.0222222 0.0791926
0 0.181771 0.731481 0.151042 0.166667 0.102731
0 0.597396 0.075 0.009375 0.0203704 0.113118
0 0.893229 0.269444 0.059375 0.0388889 0.11559
0 0.389583 0.222222 0.0395833 0.0555556 0.16327
0 0.807292 0.260185 0.05625 0.0425926 0.165185
0 0.365625 0.689815 0.114583 0.238889 0.227841
0 0.911458 0.437037 0.0875 0.0851852 0.384699
0 0.732813 0.182407 0.0322917 0.0425926 0.437472
0 0.503646 0.113889 0.021875 0.0277778 0.518731
0 0.293229 0.261111 0.0572917 0.0777778 0.534908
0 0.540625 0.1 0.01875 0.037037 0.537566
0 0.679167 0.171296 0.0291667 0.05 0.723662
0 0.342187 0.280556 0.046875 0.0648148 0.756485
0 0.270833 0.391667 0.0729167 0.0833333 0.761489
0 0.704167 0.225926 0.0375 0.0592593 0.814594
0 0.518229 0.19537 0.0322917 0.0537037 0.853158
0 0.648438 0.235185 0.0385417 0.0777778 0.898082
