0 0.494792 0.0898148 0.00833333 0.0203704 0.0514425
0 0.724479 0.164815 0.0260417 0.0333333 0.119505
0 0.792708 0.880556 0.127083 0.161111 0.133575
0 0.4625 0.142593 0.0208333 0.0333333 0.163994
0 0.34375 0.223148 0.0375 0.0462963 0.165201
0 0.554167 0.0759259 0.0125 0.0296296 0.168532
0 0.508854 0.12037 0.015625 0.0296296 0.197788
0 0.619271 0.112963 0.0177083 0.0333333 0.240099
0 0.947396 0.735185 0.105208 0.144444 0.261879
0 0.647396 0.107407 0.015625 0.0333333 0.280508
0 0.499479 0.147222 0.0239583 0.0351852 0.315052
0 0.421875 0.176852 0.03125 0.05 0.317745
0 0.0166667 0.6 0.0333333 0.1 0.346826
0 0.547917 0.123148 0.01875 0.0277778 0.510167
0 0.0359375 0.951852 0.071875 0.0777778 0.518912
0 0.677083 0.161111 0.0270833 0.0333333 0.613565
0 0.711979 0.225926 0.0364583 0.0555556 0.662946
0 0.381771 0.25463 0.0364583 0.0574074 0.686566
0 0.742188 0.274074 0.0510417 0.0666667 0.744832
0 0.746875 0.568519 0.1 0.144444 0.746555
0 0.630729 0.162963 0.0260417 0.0444444 0.765023
0 0.905208 0.417593 0.0875 0.0907407 0.768286
0 0.345833 0.296296 0.0479167 0.0666667 0.784177
0 0.444271 0.512963 0.0802083 0.125926 0.801147
0 0.79375 0.239815 0.04375 0.0611111 0.801612
0 0.652083 0.224074 0.0375 0.062963 0.813365
0 0.686458 0.37037 0.0625 0.103704 0.819829
0 0.425521 0.298148 0.0510417 0.0703704 0.877939
