0 0.61875 0.177778 0.01875 0.0296296 0.0580469
0 0.0104167 0.0518519 0.0145833 0.0444444 0.0691895
0 0.702604 0.143519 0.021875 0.0388889 0.0772589
0 0.627604 0.20463 0.0364583 0.0574074 0.0865838
0 0.739583 0.240741 0.0479167 0.062963 0.095851
0 0.661979 0.144444 0.0239583 0.037037 0.0976671
0 0.0104167 0.0518519 0.01875 0.0222222 0.106021
0 0.600521 0.0768519 0.015625 0.0277778 0.113314
0 0.747396 0.699074 0.117708 0.168519 0.190663
0 0.469271 0.125 0.021875 0.0351852 0.20095
0 0.44375 0.151852 0.025 0.0444444 0.208423
0 0.617708 0.176852 0.0270833 0.05 0.294089
0 0.956771 0.816667 0.0864583 0.144444 0.305222
0 0.545833 0.0888889 0.01875 0.0259259 0.327865
0 0.620313 0.127778 0.0197917 0.0333333 0.329496
0 0.988542 0.583333 0.0229167 0.111111 0.375493
0 0.751042 0.214815 0.0375 0.0518519 0.39507
0 0.517187 0.0907407 0.015625 0.0296296 0.438758
0 0.228646 0.452778 0.0989583 0.15 0.473384
0 0.404167 0.568519 0.102083 0.166667 0.649724
0 0.733333 0.273148 0.04375 0.0611111 0.688363
0 0.683854 0.197222 0.0364583 0.05 0.691202
0 0.540625 0.122222 0.01875 0.0296296 0.694735
0 0.822396 0.291667 0.0572917 0.0796296 0.719125
0 0.633333 0.221296 0.0375 0.0611111 0.754937
0 0.769792 0.353704 0.0604167 0.0888889 0.853649
0 0.661458 0.394444 0.0625 0.1 0.863285
0 0.429688 0.287963 0.0427083 0.0685185 0.874362
0 0.675521 0.298148 0.046875 0.0703704 0.893203
