0 0.539583 0.131481 0.0166667 0.0333333 0.0650283
0 0.549479 0.0759259 0.009375 0.0148148 0.0746843
0 0.332812 0.242593 0.0385417 0.062963 0.0788803
0 0.495313 0.150926 0.0197917 0.0314815 0.0901186
0 0.761979 0.223148 0.0364583 0.0537037 0.114827
0 0.524479 0.197222 0.0302083 0.0388889 0.128141
0 0.760417 0.760185 0.13125 0.172222 0.132766
0 0.509375 0.123148 0.0125 0.0277778 0.166235
0 0.420833 0.197222 0.03125 0.0388889 0.210926
0 0.536458 0.148148 0.0208333 0.0296296 0.558509
0 0.966146 0.52963 0.0677083 0.111111 0.674702
0 0.614583 0.151852 0.025 0.0444444 0.680819
0 0.543229 0.118519 0.015625 0.0296296 0.682663
0 0.399479 0.236111 0.0322917 0.0462963 0.736475
0 0.469271 0.192593 0.0364583 0.0777778 0.774905
0 0.511458 0.239815 0.0333333 0.0574074 0.804656
0 0.410417 0.333333 0.0583333 0.0703704 0.821913
0 0.655208 0.318519 0.05 0.0666667 0.844466
0 0.634375 0.246296 0.0354167 0.0592593 0.860212
0 0.704687 0.25 0.040625 0.0592593 0.860394
0 0.752604 0.347222 0.0614583 0.0907407 0.895531
