0 0.620313 0.0657407 0.009375 0.0240741 0.0610028
0 0.596354 0.0611111 0.009375 0.0222222 0.100309
0 0.749479 0.724074 0.142708 0.159259 0.10843
0 0.971354 0.381481 0.0572917 0.0851852 0.178211
0 0.723958 0.166667 0.0291667 0.0407407 0.224782
0 0.971354 0.805556 0.0572917 0.151852 0.234568
0 0.415625 0.187963 0.0333333 0.0537037 0.340898
0 0.551042 0.062037 0.0104167 0.0166667 0.381262
0 0.515625 0.0851852 0.0166667 0.037037 0.609306
0 0.666667 0.153704 0.0270833 0.0444444 0.676609
0 0.625 0.147222 0.0229167 0.0351852 0.804438
0 0.608333 0.108333 0.0208333 0.0351852 0.815553
0 0.442187 0.273148 0.0447917 0.0648148 0.826329
0 0.914062 0.437963 0.090625 0.0981481 0.829077
0 0.785937 0.411111 0.0739583 0.1 0.829458
0 0.729688 0.282407 0.0510417 0.0796296 0.833522
0 0.454167 0.392593 0.0604167 0.133333 0.83674
0 0.369792 0.376852 0.0625 0.105556 0.84387
0 0.544271 0.1 0.0177083 0.0296296 0.847666
0 0.655208 0.275926 0.0479167 0.0666667 0.849759
0 0.685938 0.405556 0.0635417 0.1 0.856798
0 0.516667 0.171296 0.0270833 0.0462963 0.857837
