0 0.357812 0.782407 0.157292 0.227778 0.0521944
0 0.617188 0.137037 0.028125 0.0481481 0.0643055
0 0.644271 0.107407 0.015625 0.0333333 0.0669181
0 0.782812 0.57037 0.040625 0.0851852 0.0884398
0 0.936979 0.316667 0.065625 0.062963 0.136658
0 0.515104 0.0851852 0.0135417 0.0259259 0.268223
0 0.545833 0.0740741 0.0125 0.0259259 0.306214
0 0.423438 0.172222 0.0260417 0.0407407 0.384504
0 0.617188 0.136111 0.021875 0.0277778 0.586914
0 0.397917 0.213889 0.0354167 0.0574074 0.595397
0 0.963542 0.487963 0.0729167 0.109259 0.655149
0 0.604688 0.0990741 0.0135417 0.0277778 0.701234
0 0.705208 0.47037 0.08125 0.133333 0.736365
0 0.80625 0.278704 0.05625 0.0722222 0.758658
0 0.492188 0.273148 0.0427083 0.0722222 0.842358
0 0.535937 0.125 0.0197917 0.0351852 0.847195
0 0.406771 0.302778 0.0510417 0.0796296 0.882702
0 0.783333 0.401852 0.0729167 0.0962963 0.886113
0 0.727083 0.273148 0.04375 0.0833333 0.898848
