0 0.693229 0.163889 0.028125 0.0314815 0.0610327
0 0.647396 0.147222 0.028125 0.0351852 0.06795
0 0.331771 0.225 0.0364583 0.0425926 0.180175
0 0.463021 0.17037 0.0239583 0.0444444 0.26959
0 0.594792 0.123148 0.0229167 0.0351852 0.301675
0 0.428646 0.160185 0.0260417 0.0388889 0.598326
0 0.254167 0.403704 0.0791667 0.0962963 0.623618
0 0.359375 0.250926 0.0375 0.0537037 0.623703
0 0.613021 0.189815 0.034375 0.05 0.65189
0 0.490625 0.130556 0.0208333 0.0351852 0.723778
0 0.510938 0.197222 0.0322917 0.05 0.737572
0 0.472917 0.315741 0.05 0.087037 0.752492
0 0.452083 0.211111 0.0333333 0.0481481 0.780255
0 0.690625 0.247222 0.0375 0.0574074 0.817651
0 0.411458 0.272222 0.0458333 0.0703704 0.874057
0 0.372396 0.34537 0.065625 0.0981481 0.875134
0 0.660417 0.449074 0.0604167 0.0981481 0.889512
