0 0.523438 0.0731481 0.0114583 0.0240741 0.0590395
0 0.680729 0.181481 0.0260417 0.0407407 0.0700962
0 0.474479 0.112037 0.0177083 0.0240741 0.0713532
0 0.604688 0.102778 0.0197917 0.0388889 0.113704
0 0.336458 0.235185 0.0416667 0.0592593 0.142576
0 0.545313 0.0851852 0.015625 0.0296296 0.159991
0 0.783333 0.703704 0.110417 0.133333 0.280561
0 0.869792 0.382407 0.0770833 0.0759259 0.364488
0 0.618229 0.152778 0.0260417 0.0425926 0.473981
0 0.757812 0.232407 0.0364583 0.05 0.549688
0 0.900521 0.600926 0.105208 0.168519 0.562572
0 0.696875 0.223148 0.0416667 0.0537037 0.59477
0 0.396875 0.223148 0.0416667 0.0722222 0.764669
0 0.488021 0.162037 0.0239583 0.0388889 0.777322
0 0.65 0.297222 0.0479167 0.0648148 0.817882
0 0.750521 0.348148 0.065625 0.0925926 0.828398
0 0.499479 0.242593 0.0385417 0.0592593 0.830741
0 0.671354 0.417593 0.0635417 0.12037 0.838676
0 0.638021 0.200926 0.0322917 0.05 0.840841
