0 0.553125 0.0481481 0.0104167 0.0222222 0.0561958
0 0.776042 0.664815 0.135417 0.181481 0.0866542
0 0.515104 0.0805556 0.0177083 0.0425926 0.116095
0 0.630208 0.123148 0.0166667 0.0314815 0.130561
0 0.760938 0.141667 0.0239583 0.0425926 0.158399
0 0.967188 0.787037 0.065625 0.151852 0.255145
0 0.617188 0.0962963 0.0177083 0.0333333 0.304923
0 0.93125 0.297222 0.0583333 0.0648148 0.361744
0 0.624479 0.153704 0.0239583 0.0407407 0.492486
0 0.822396 0.267593 0.0572917 0.0685185 0.573131
0 0.673437 0.144444 0.0239583 0.0407407 0.581529
0 0.179167 0.514815 0.0979167 0.133333 0.652497
0 0.402083 0.20463 0.0354167 0.05 0.663954
0 0.719792 0.143519 0.025 0.0388889 0.665475
0 0.951042 0.437963 0.0979167 0.101852 0.703367
0 0.488021 0.140741 0.028125 0.0481481 0.736772
0 0.698438 0.184259 0.0302083 0.0462963 0.748131
0 0.658333 0.246296 0.0416667 0.0592593 0.751576
0 0.799479 0.367593 0.065625 0.0907407 0.777531
0 0.744271 0.278704 0.046875 0.0944444 0.81213
0 0.307292 0.515741 0.09375 0.127778 0.813473
0 0.532812 0.141667 0.0302083 0.0425926 0.823207
0 0.638021 0.192593 0.0302083 0.0518519 0.825996
0 0.419792 0.284259 0.05 0.0796296 0.836926
0 0.676042 0.361111 0.0708333 0.114815 0.864995
0 0.465104 0.210185 0.0364583 0.0574074 0.893574
0 0.503646 0.25 0.0427083 0.0666667 0.911264
