0 0.516667 0.10463 0.0208333 0.0314815 0.0715704
0 0.553125 0.0722222 0.0166667 0.037037 0.0892073
0 0.300521 0.269444 0.0489583 0.05 0.0893882
0 0.695312 0.193519 0.0260417 0.0425926 0.167167
0 0.667188 0.143519 0.021875 0.0351852 0.174876
0 0.642187 0.0990741 0.0177083 0.0277778 0.19641
0 0.982292 0.593518 0.0354167 0.101852 0.219314
0 0.553125 0.0888889 0.0166667 0.0296296 0.236414
0 0.501042 0.138889 0.0229167 0.0333333 0.409594
0 0.400521 0.217593 0.0385417 0.0574074 0.442311
0 0.615104 0.10463 0.0135417 0.0277778 0.451334
0 0.763021 0.206481 0.034375 0.0537037 0.559499
0 0.640625 0.194444 0.0375 0.0481481 0.678645
0 0.711458 0.233333 0.0395833 0.0518519 0.710498
0 0.71875 0.60463 0.0895833 0.131481 0.720583
0 0.853125 0.523148 0.0958333 0.135185 0.723372
0 0.4875 0.174074 0.0270833 0.037037 0.748774
0 0.271875 0.397222 0.06875 0.0981481 0.787943
0 0.624479 0.143519 0.021875 0.0388889 0.79917
0 0.840104 0.330556 0.0697917 0.0759259 0.814732
0 0.542708 0.146296 0.0229167 0.037037 0.825235
0 0.328125 0.325926 0.05625 0.0777778 0.832641
0 0.707292 0.433333 0.0666667 0.0962963 0.85731
0 0.668229 0.3 0.0489583 0.0703704 0.871427
0 0.38125 0.389815 0.0666667 0.101852 0.895831
