0 0.519271 0.178704 0.028125 0.0537037 0.0501031
0 0.610417 0.123148 0.01875 0.05 0.0514744
0 0.428646 0.176852 0.0302083 0.0425926 0.0577695
0 0.547917 0.0740741 0.0125 0.0259259 0.0624085
0 0.121875 0.890741 0.139583 0.166667 0.0813596
0 0.0401042 0.738889 0.0802083 0.155556 0.109702
0 0.608333 0.10463 0.01875 0.0388889 0.226767
0 0.502083 0.118519 0.0166667 0.0296296 0.273543
0 0.534375 0.12963 0.0229167 0.0444444 0.315993
0 0.483333 0.164815 0.025 0.0444444 0.418414
0 0.44375 0.251852 0.0375 0.0777778 0.539016
0 0.646875 0.115741 0.0208333 0.0425926 0.613354
0 0.526563 0.165741 0.0260417 0.0425926 0.658788
0 0.402083 0.298148 0.0666667 0.133333 0.664674
0 0.615104 0.138889 0.0239583 0.0333333 0.684017
0 0.244792 0.439815 0.0770833 0.0981481 0.738072
0 0.672396 0.164815 0.028125 0.0444444 0.753188
0 0.513021 0.225926 0.0364583 0.0555556 0.791254
0 0.305208 0.489815 0.09375 0.131481 0.810398
0 0.479688 0.326852 0.0552083 0.0833333 0.868137
0 0.634896 0.226852 0.034375 0.0574074 0.875012
